1599348970,s5,0.00,0.00,0.00,0,0,0.00,0.00,0.00,0,0,0.00,0.00,0,0
1599348970,s1,0.00,0.00,0.00,0,0,0.00,0.00,0.00,0,0,0.00,0.00,0,0
1599348970,eth0,0.00,0.00,0.00,0,0,0.00,0.00,0.00,0,0,0.00,0.00,0,0
1599348970,eth1,0.00,0.00,0.00,0,0,0.00,0.00,0.00,0,0,0.00,0.00,0,0
1599348970,s2,0.00,0.00,0.00,0,0,0.00,0.00,0.00,0,0,0.00,0.00,0,0
1599348970,s1-eth2,0.00,0.00,0.00,0,0,0.00,0.00,0.00,0,0,0.00,0.00,0,0
1599348970,s1-eth1,0.00,0.00,0.00,0,0,0.00,0.00,0.00,0,0,0.00,0.00,0,0
1599348970,s3,0.00,0.00,0.00,0,0,0.00,0.00,0.00,0,0,0.00,0.00,0,0
1599348970,s2-eth2,0.00,0.00,0.00,0,0,0.00,0.00,0.00,0,0,0.00,0.00,0,0
1599348970,s2-eth1,0.00,0.00,0.00,0,0,0.00,0.00,0.00,0,0,0.00,0.00,0,0
1599348970,lo,0.00,0.00,0.00,0,0,0.00,0.00,0.00,0,0,0.00,0.00,0,0
1599348970,s3-eth2,0.00,0.00,0.00,0,0,0.00,0.00,0.00,0,0,0.00,0.00,0,0
1599348970,s3-eth1,0.00,0.00,0.00,0,0,0.00,0.00,0.00,0,0,0.00,0.00,0,0
1599348970,total,0.00,0.00,0.00,0,0,0.00,0.00,0.00,0,0,0.00,0.00,0,0
1599348971,s5,0.00,0.00,0.00,0,0,0.00,0.00,0.00,0,0,0.00,0.00,0,0
1599348971,s1,90.00,3569.00,3659.00,3569,90,1.00,21.00,22.00,21,1,0.00,0.00,0,0
1599348971,eth0,304.00,1071.00,1375.00,1071,304,4.00,6.00,10.00,6,4,0.00,0.00,0,0
1599348971,eth1,0.00,0.00,0.00,0,0,0.00,0.00,0.00,0,0,0.00,0.00,0,0
1599348971,s2,250.00,2679.00,2929.00,2679,250,3.00,17.00,20.00,17,3,0.00,0.00,0,0
1599348971,s1-eth2,146343.00,5942901.00,6089244.00,5942901,146343,1968.00,3943.00,5911.00,3943,1968,0.00,0.00,0,0
1599348971,s1-eth1,5942603.00,145056.00,6087659.00,145056,5942603,3949.00,1960.00,5909.00,1960,3949,0.00,0.00,0,0
1599348971,s3,160.00,3656.00,3816.00,3656,160,2.00,22.00,24.00,22,2,0.00,0.00,0,0
1599348971,s2-eth2,148298.00,5934742.00,6083040.00,5934742,148298,1977.00,3928.00,5905.00,3928,1977,0.00,0.00,0,0
1599348971,s2-eth1,5939873.00,146195.00,6086068.00,146195,5939873,3941.00,1966.00,5907.00,1966,3941,0.00,0.00,0,0
1599348971,lo,20169.00,20169.00,40338.00,20169,20169,192.00,192.00,384.00,192,192,0.00,0.00,0,0
1599348971,s3-eth2,149514.00,5935130.00,6084644.00,5935130,149514,1984.00,3923.00,5907.00,3923,1984,0.00,0.00,0,0
1599348971,s3-eth1,5934742.00,148298.00,6083040.00,148298,5934742,3928.00,1977.00,5905.00,1977,3928,0.00,0.00,0,0
1599348971,total,18282346.00,18283466.00,36565812.00,18283466,18282346,17949.00,17955.00,35904.00,17955,17949,0.00,0.00,0,0
1599348972,s5,0.00,0.00,0.00,0,0,0.00,0.00,0.00,0,0,0.00,0.00,0,0
1599348972,s1,0.00,1086.00,1086.00,1086,0,0.00,4.00,4.00,4,0,0.00,0.00,0,0
1599348972,eth0,152.00,357.00,509.00,357,152,2.00,2.00,4.00,2,2,0.00,0.00,0,0
1599348972,eth1,0.00,0.00,0.00,0,0,0.00,0.00,0.00,0,0,0.00,0.00,0,0
1599348972,s2,0.00,759.00,759.00,759,0,0.00,3.00,3.00,3,0,0.00,0.00,0,0
1599348972,s1-eth2,151330.00,6193346.00,6344676.00,6193346,151330,2045.00,4094.00,6139.00,4094,2045,0.00,0.00,0,0
1599348972,s1-eth1,6192501.00,151330.00,6343831.00,151330,6192501,4095.00,2045.00,6140.00,2045,4095,0.00,0.00,0,0
1599348972,s3,90.00,327.00,417.00,327,90,1.00,1.00,2.00,1,1,0.00,0.00,0,0
1599348972,s2-eth2,151657.00,6194533.00,6346190.00,6194533,151657,2046.00,4094.00,6140.00,4094,2046,0.00,0.00,0,0
1599348972,s2-eth1,6193346.00,151330.00,6344676.00,151330,6193346,4094.00,2045.00,6139.00,2045,4094,0.00,0.00,0,0
1599348972,lo,3377.00,3377.00,6754.00,3377,3377,33.00,33.00,66.00,33,33,0.00,0.00,0,0
1599348972,s3-eth2,152416.00,6193774.00,6346190.00,6193774,152416,2049.00,4091.00,6140.00,4091,2049,0.00,0.00,0,0
1599348972,s3-eth1,6194533.00,151657.00,6346190.00,151657,6194533,4094.00,2046.00,6140.00,2046,4094,0.00,0.00,0,0
1599348972,total,19039402.00,19041876.00,38081280.00,19041876,19039402,18459.00,18458.00,36917.00,18458,18459,0.00,0.00,0,0
1599348973,s5,0.00,0.00,0.00,0,0,0.00,0.00,0.00,0,0,0.00,0.00,0,0
1599348973,s1,0.00,481.00,481.00,481,0,0.00,3.00,3.00,3,0,0.00,0.00,0,0
1599348973,eth0,60.00,60.00,120.00,60,60,1.00,1.00,2.00,1,1,0.00,0.00,0,0
1599348973,eth1,0.00,0.00,0.00,0,0,0.00,0.00,0.00,0,0,0.00,0.00,0,0
1599348973,s2,0.00,1075.00,1075.00,1075,0,0.00,5.00,5.00,5,0,0.00,0.00,0,0
1599348973,s1-eth2,152697.00,6218479.00,6371176.00,6218479,152697,2057.00,4110.00,6167.00,4110,2057,0.00,0.00,0,0
1599348973,s1-eth1,6218853.00,151996.00,6370849.00,151996,6218853,4112.00,2054.00,6166.00,2054,4112,0.00,0.00,0,0
1599348973,s3,0.00,1075.00,1075.00,1075,0,0.00,5.00,5.00,5,0,0.00,0.00,0,0
1599348973,s2-eth2,153145.00,6218372.00,6371517.00,6218372,153145,2060.00,4109.00,6169.00,4109,2060,0.00,0.00,0,0
1599348973,s2-eth1,6218479.00,152697.00,6371176.00,152697,6218479,4110.00,2057.00,6167.00,2057,4110,0.00,0.00,0,0
1599348973,lo,4112.00,4112.00,8224.00,4112,4112,39.00,39.00,78.00,39,39,0.00,0.00,0,0
1599348973,s3-eth2,153118.00,6217998.00,6371116.00,6217998,153118,2060.00,4107.00,6167.00,4107,2060,0.00,0.00,0,0
1599348973,s3-eth1,6218372.00,153145.00,6371517.00,153145,6218372,4109.00,2060.00,6169.00,2060,4109,0.00,0.00,0,0
1599348973,total,19118836.00,19119490.00,38238328.00,19119490,19118836,18548.00,18550.00,37098.00,18550,18548,0.00,0.00,0,0
1599348974,s5,0.00,0.00,0.00,0,0,0.00,0.00,0.00,0,0,0.00,0.00,0,0
1599348974,s1,70.00,1131.00,1201.00,1131,70,1.00,6.00,7.00,6,1,0.00,0.00,0,0
1599348974,eth0,0.00,0.00,0.00,0,0,0.00,0.00,0.00,0,0,0.00,0.00,0,0
1599348974,eth1,0.00,0.00,0.00,0,0,0.00,0.00,0.00,0,0,0.00,0.00,0,0
1599348974,s2,0.00,537.00,537.00,537,0,0.00,4.00,4.00,4,0,0.00,0.00,0,0
1599348974,s1-eth2,151840.00,6208461.00,6360301.00,6208461,151840,2052.00,4105.00,6157.00,4105,2052,0.00,0.00,0,0
1599348974,s1-eth1,6208858.00,151770.00,6360628.00,151770,6208858,4107.00,2051.00,6158.00,2051,4107,0.00,0.00,0,0
1599348974,s3,0.00,537.00,537.00,537,0,0.00,4.00,4.00,4,0,0.00,0.00,0,0
1599348974,s2-eth2,152163.00,6207797.00,6359960.00,6207797,152163,2053.00,4102.00,6155.00,4102,2053,0.00,0.00,0,0
1599348974,s2-eth1,6208461.00,151840.00,6360301.00,151840,6208461,4105.00,2052.00,6157.00,2052,4105,0.00,0.00,0,0
1599348974,lo,4430.00,4430.00,8860.00,4430,4430,47.00,47.00,94.00,47,47,0.00,0.00,0,0
1599348974,s3-eth2,152887.00,6208914.00,6361801.00,6208914,152887,2056.00,4101.00,6157.00,4101,2056,0.00,0.00,0,0
1599348974,s3-eth1,6207797.00,152163.00,6359960.00,152163,6207797,4102.00,2053.00,6155.00,2053,4102,0.00,0.00,0,0
1599348974,total,19086506.00,19087580.00,38174088.00,19087580,19086506,18523.00,18525.00,37048.00,18525,18523,0.00,0.00,0,0
1599348975,s5,0.00,0.00,0.00,0,0,0.00,0.00,0.00,0,0,0.00,0.00,0,0
1599348975,s1,0.00,552.00,552.00,552,0,0.00,4.00,4.00,4,0,0.00,0.00,0,0
1599348975,eth0,0.00,0.00,0.00,0,0,0.00,0.00,0.00,0,0,0.00,0.00,0,0
1599348975,eth1,0.00,0.00,0.00,0,0,0.00,0.00,0.00,0,0,0.00,0.00,0,0
1599348975,s2,70.00,552.00,622.00,552,70,1.00,4.00,5.00,4,1,0.00,0.00,0,0
1599348975,s1-eth2,151696.00,6209466.00,6361162.00,6209466,151696,2050.00,4105.00,6155.00,4105,2050,0.00,0.00,0,0
1599348975,s1-eth1,6208022.00,151626.00,6359648.00,151626,6208022,4105.00,2049.00,6154.00,2049,4105,0.00,0.00,0,0
1599348975,s3,70.00,552.00,622.00,552,70,1.00,4.00,5.00,4,1,0.00,0.00,0,0
1599348975,s2-eth2,152182.00,6209396.00,6361578.00,6209396,152182,2053.00,4104.00,6157.00,4104,2053,0.00,0.00,0,0
1599348975,s2-eth1,6209466.00,151696.00,6361162.00,151696,6209466,4105.00,2050.00,6155.00,2050,4105,0.00,0.00,0,0
1599348975,lo,3926.00,3926.00,7852.00,3926,3926,42.00,42.00,84.00,42,42,0.00,0.00,0,0
1599348975,s3-eth2,152252.00,6210498.00,6362750.00,6210498,152252,2054.00,4103.00,6157.00,4103,2054,0.00,0.00,0,0
1599348975,s3-eth1,6209396.00,152182.00,6361578.00,152182,6209396,4104.00,2053.00,6157.00,2053,4104,0.00,0.00,0,0
1599348975,total,19087080.00,19090446.00,38177528.00,19090446,19087080,18515.00,18518.00,37033.00,18518,18515,0.00,0.00,0,0
1599348976,s5,0.00,0.00,0.00,0,0,0.00,0.00,0.00,0,0,0.00,0.00,0,0
1599348976,s1,0.00,0.00,0.00,0,0,0.00,0.00,0.00,0,0,0.00,0.00,0,0
1599348976,eth0,0.00,0.00,0.00,0,0,0.00,0.00,0.00,0,0,0.00,0.00,0,0
1599348976,eth1,0.00,0.00,0.00,0,0,0.00,0.00,0.00,0,0,0.00,0.00,0,0
1599348976,s2,0.00,0.00,0.00,0,0,0.00,0.00,0.00,0,0,0.00,0.00,0,0
1599348976,s1-eth2,152144.00,6225568.00,6377712.00,6225568,152144,2056.00,4112.00,6168.00,4112,2056,0.00,0.00,0,0
1599348976,s1-eth1,6225568.00,152144.00,6377712.00,152144,6225568,4112.00,2056.00,6168.00,2056,4112,0.00,0.00,0,0
1599348976,s3,0.00,0.00,0.00,0,0,0.00,0.00,0.00,0,0,0.00,0.00,0,0
1599348976,s2-eth2,152144.00,6225568.00,6377712.00,6225568,152144,2056.00,4112.00,6168.00,4112,2056,0.00,0.00,0,0
1599348976,s2-eth1,6225568.00,152144.00,6377712.00,152144,6225568,4112.00,2056.00,6168.00,2056,4112,0.00,0.00,0,0
1599348976,lo,0.00,0.00,0.00,0,0,0.00,0.00,0.00,0,0,0.00,0.00,0,0
1599348976,s3-eth2,152144.00,6225568.00,6377712.00,6225568,152144,2056.00,4112.00,6168.00,4112,2056,0.00,0.00,0,0
1599348976,s3-eth1,6225568.00,152144.00,6377712.00,152144,6225568,4112.00,2056.00,6168.00,2056,4112,0.00,0.00,0,0
1599348976,total,19133136.00,19133136.00,38266272.00,19133136,19133136,18504.00,18504.00,37008.00,18504,18504,0.00,0.00,0,0
1599348977,s5,0.00,0.00,0.00,0,0,0.00,0.00,0.00,0,0,0.00,0.00,0,0
1599348977,s1,0.00,556.00,556.00,556,0,0.00,3.00,3.00,3,0,0.00,0.00,0,0
1599348977,eth0,0.00,0.00,0.00,0,0,0.00,0.00,0.00,0,0,0.00,0.00,0,0
1599348977,eth1,0.00,0.00,0.00,0,0,0.00,0.00,0.00,0,0,0.00,0.00,0,0
1599348977,s2,0.00,214.00,214.00,214,0,0.00,2.00,2.00,2,0,0.00,0.00,0,0
1599348977,s1-eth2,152251.00,6221582.00,6373833.00,6221582,152251,2057.00,4112.00,6169.00,4112,2057,0.00,0.00,0,0
1599348977,s1-eth1,6223203.00,152070.00,6375273.00,152070,6223203,4114.00,2055.00,6169.00,2055,4114,0.00,0.00,0,0
1599348977,s3,0.00,214.00,214.00,214,0,0.00,2.00,2.00,2,0,0.00,0.00,0,0
1599348977,s2-eth2,152284.00,6221133.00,6373417.00,6221133,152284,2057.00,4110.00,6167.00,4110,2057,0.00,0.00,0,0
1599348977,s2-eth1,6221582.00,152251.00,6373833.00,152251,6221582,4112.00,2057.00,6169.00,2057,4112,0.00,0.00,0,0
1599348977,lo,2104.00,2104.00,4208.00,2104,2104,20.00,20.00,40.00,20,20,0.00,0.00,0,0
1599348977,s3-eth2,152391.00,6222540.00,6374931.00,6222540,152391,2058.00,4110.00,6168.00,4110,2058,0.00,0.00,0,0
1599348977,s3-eth1,6221133.00,152284.00,6373417.00,152284,6221133,4110.00,2057.00,6167.00,2057,4110,0.00,0.00,0,0
1599348977,total,19124948.00,19124948.00,38249896.00,19124948,19124948,18528.00,18528.00,37056.00,18528,18528,0.00,0.00,0,0
1599348978,s5,0.00,0.00,0.00,0,0,0.00,0.00,0.00,0,0,0.00,0.00,0,0
1599348978,s1,0.00,210.00,210.00,210,0,0.00,3.00,3.00,3,0,0.00,0.00,0,0
1599348978,eth0,0.00,0.00,0.00,0,0,0.00,0.00,0.00,0,0,0.00,0.00,0,0
1599348978,eth1,0.00,0.00,0.00,0,0,0.00,0.00,0.00,0,0,0.00,0.00,0,0
1599348978,s2,0.00,210.00,210.00,210,0,0.00,3.00,3.00,3,0,0.00,0.00,0,0
1599348978,s1-eth2,150508.00,6154550.00,6305058.00,6154550,150508,2034.00,4067.00,6101.00,4067,2034,0.00,0.00,0,0
1599348978,s1-eth1,6156134.00,150512.00,6306646.00,150512,6156134,4069.00,2034.00,6103.00,2034,4069,0.00,0.00,0,0
1599348978,s3,0.00,210.00,210.00,210,0,0.00,3.00,3.00,3,0,0.00,0.00,0,0
1599348978,s2-eth2,150578.00,6155994.00,6306572.00,6155994,150578,2035.00,4067.00,6102.00,4067,2035,0.00,0.00,0,0
1599348978,s2-eth1,6156064.00,150508.00,6306572.00,150508,6156064,4068.00,2034.00,6102.00,2034,4068,0.00,0.00,0,0
1599348978,lo,2464.00,2464.00,4928.00,2464,2464,28.00,28.00,56.00,28,28,0.00,0.00,0,0
1599348978,s3-eth2,150722.00,6151382.00,6302104.00,6151382,150722,2037.00,4063.00,6100.00,4063,2037,0.00,0.00,0,0
1599348978,s3-eth1,6155994.00,150578.00,6306572.00,150578,6155994,4067.00,2035.00,6102.00,2035,4067,0.00,0.00,0,0
1599348978,total,18922464.00,18916618.00,37839080.00,18916618,18922464,18338.00,18337.00,36675.00,18337,18338,0.00,0.00,0,0
1599348979,s5,0.00,0.00,0.00,0,0,0.00,0.00,0.00,0,0,0.00,0.00,0,0
1599348979,s1,70.00,210.00,280.00,210,70,1.00,3.00,4.00,3,1,0.00,0.00,0,0
1599348979,eth0,0.00,0.00,0.00,0,0,0.00,0.00,0.00,0,0,0.00,0.00,0,0
1599348979,eth1,0.00,0.00,0.00,0,0,0.00,0.00,0.00,0,0,0.00,0.00,0,0
1599348979,s2,70.00,552.00,622.00,552,70,1.00,4.00,5.00,4,1,0.00,0.00,0,0
1599348979,s1-eth2,152408.00,6219722.00,6372130.00,6219722,152408,2056.00,4111.00,6167.00,4111,2056,0.00,0.00,0,0
1599348979,s1-eth1,6218620.00,151996.00,6370616.00,151996,6218620,4112.00,2054.00,6166.00,2054,4112,0.00,0.00,0,0
1599348979,s3,70.00,552.00,622.00,552,70,1.00,4.00,5.00,4,1,0.00,0.00,0,0
1599348979,s2-eth2,152478.00,6216624.00,6369102.00,6216624,152478,2057.00,4108.00,6165.00,4108,2057,0.00,0.00,0,0
1599348979,s2-eth1,6218208.00,152408.00,6370616.00,152408,6218208,4110.00,2056.00,6166.00,2056,4110,0.00,0.00,0,0
1599348979,lo,4040.00,4040.00,8080.00,4040,4040,45.00,45.00,90.00,45,45,0.00,0.00,0,0
1599348979,s3-eth2,152474.00,6215040.00,6367514.00,6215040,152474,2057.00,4106.00,6163.00,4106,2057,0.00,0.00,0,0
1599348979,s3-eth1,6216624.00,152478.00,6369102.00,152478,6216624,4108.00,2057.00,6165.00,2057,4108,0.00,0.00,0,0
1599348979,total,19115062.00,19113622.00,38228684.00,19113622,19115062,18548.00,18548.00,37096.00,18548,18548,0.00,0.00,0,0
1599348980,s5,0.00,0.00,0.00,0,0,0.00,0.00,0.00,0,0,0.00,0.00,0,0
1599348980,s1,0.00,0.00,0.00,0,0,0.00,0.00,0.00,0,0,0.00,0.00,0,0
1599348980,eth0,0.00,0.00,0.00,0,0,0.00,0.00,0.00,0,0,0.00,0.00,0,0
1599348980,eth1,0.00,0.00,0.00,0,0,0.00,0.00,0.00,0,0,0.00,0.00,0,0
1599348980,s2,0.00,0.00,0.00,0,0,0.00,0.00,0.00,0,0,0.00,0.00,0,0
1599348980,s1-eth2,151552.00,6202858.00,6354410.00,6202858,151552,2048.00,4097.00,6145.00,4097,2048,0.00,0.00,0,0
1599348980,s1-eth1,6202858.00,151552.00,6354410.00,151552,6202858,4097.00,2048.00,6145.00,2048,4097,0.00,0.00,0,0
1599348980,s3,0.00,0.00,0.00,0,0,0.00,0.00,0.00,0,0,0.00,0.00,0,0
1599348980,s2-eth2,151626.00,6202858.00,6354484.00,6202858,151626,2049.00,4097.00,6146.00,4097,2049,0.00,0.00,0,0
1599348980,s2-eth1,6202858.00,151552.00,6354410.00,151552,6202858,4097.00,2048.00,6145.00,2048,4097,0.00,0.00,0,0
1599348980,lo,0.00,0.00,0.00,0,0,0.00,0.00,0.00,0,0,0.00,0.00,0,0
1599348980,s3-eth2,151626.00,6202858.00,6354484.00,6202858,151626,2049.00,4097.00,6146.00,4097,2049,0.00,0.00,0,0
1599348980,s3-eth1,6202858.00,151626.00,6354484.00,151626,6202858,4097.00,2049.00,6146.00,2049,4097,0.00,0.00,0,0
1599348980,total,19063378.00,19063304.00,38126680.00,19063304,19063378,18437.00,18436.00,36873.00,18436,18437,0.00,0.00,0,0
1599348981,s5,0.00,0.00,0.00,0,0,0.00,0.00,0.00,0,0,0.00,0.00,0,0
1599348981,s1,0.00,0.00,0.00,0,0,0.00,0.00,0.00,0,0,0.00,0.00,0,0
1599348981,eth0,0.00,0.00,0.00,0,0,0.00,0.00,0.00,0,0,0.00,0.00,0,0
1599348981,eth1,0.00,0.00,0.00,0,0,0.00,0.00,0.00,0,0,0.00,0.00,0,0
1599348981,s2,0.00,0.00,0.00,0,0,0.00,0.00,0.00,0,0,0.00,0.00,0,0
1599348981,s1-eth2,152514.00,6240708.00,6393222.00,6240708,152514,2061.00,4122.00,6183.00,4122,2061,0.00,0.00,0,0
1599348981,s1-eth1,6240708.00,152514.00,6393222.00,152514,6240708,4122.00,2061.00,6183.00,2061,4122,0.00,0.00,0,0
1599348981,s3,0.00,342.00,342.00,342,0,0.00,1.00,1.00,1,0,0.00,0.00,0,0
1599348981,s2-eth2,152856.00,6240708.00,6393564.00,6240708,152856,2062.00,4122.00,6184.00,4122,2062,0.00,0.00,0,0
1599348981,s2-eth1,6240708.00,152514.00,6393222.00,152514,6240708,4122.00,2061.00,6183.00,2061,4122,0.00,0.00,0,0
1599348981,lo,326.00,326.00,652.00,326,326,3.00,3.00,6.00,3,3,0.00,0.00,0,0
1599348981,s3-eth2,153198.00,6240708.00,6393906.00,6240708,153198,2063.00,4122.00,6185.00,4122,2063,0.00,0.00,0,0
1599348981,s3-eth1,6240708.00,152856.00,6393564.00,152856,6240708,4122.00,2062.00,6184.00,2062,4122,0.00,0.00,0,0
1599348981,total,19181018.00,19180676.00,38361696.00,19180676,19181018,18555.00,18554.00,37109.00,18554,18555,0.00,0.00,0,0
1599348982,s5,0.00,0.00,0.00,0,0,0.00,0.00,0.00,0,0,0.00,0.00,0,0
1599348982,s1,0.00,0.00,0.00,0,0,0.00,0.00,0.00,0,0,0.00,0.00,0,0
1599348982,eth0,0.00,0.00,0.00,0,0,0.00,0.00,0.00,0,0,0.00,0.00,0,0
1599348982,eth1,0.00,0.00,0.00,0,0,0.00,0.00,0.00,0,0,0.00,0.00,0,0
1599348982,s2,0.00,0.00,0.00,0,0,0.00,0.00,0.00,0,0,0.00,0.00,0,0
1599348982,s1-eth2,152144.00,6224054.00,6376198.00,6224054,152144,2056.00,4111.00,6167.00,4111,2056,0.00,0.00,0,0
1599348982,s1-eth1,6224054.00,152070.00,6376124.00,152070,6224054,4111.00,2055.00,6166.00,2055,4111,0.00,0.00,0,0
1599348982,s3,0.00,0.00,0.00,0,0,0.00,0.00,0.00,0,0,0.00,0.00,0,0
1599348982,s2-eth2,152070.00,6224054.00,6376124.00,6224054,152070,2055.00,4111.00,6166.00,4111,2055,0.00,0.00,0,0
1599348982,s2-eth1,6224054.00,152144.00,6376198.00,152144,6224054,4111.00,2056.00,6167.00,2056,4111,0.00,0.00,0,0
1599348982,lo,0.00,0.00,0.00,0,0,0.00,0.00,0.00,0,0,0.00,0.00,0,0
1599348982,s3-eth2,152070.00,6224054.00,6376124.00,6224054,152070,2055.00,4111.00,6166.00,4111,2055,0.00,0.00,0,0
1599348982,s3-eth1,6224054.00,152070.00,6376124.00,152070,6224054,4111.00,2055.00,6166.00,2055,4111,0.00,0.00,0,0
1599348982,total,19128446.00,19128446.00,38256892.00,19128446,19128446,18499.00,18499.00,36998.00,18499,18499,0.00,0.00,0,0
1599348983,s5,0.00,0.00,0.00,0,0,0.00,0.00,0.00,0,0,0.00,0.00,0,0
1599348983,s1,0.00,0.00,0.00,0,0,0.00,0.00,0.00,0,0,0.00,0.00,0,0
1599348983,eth0,0.00,0.00,0.00,0,0,0.00,0.00,0.00,0,0,0.00,0.00,0,0
1599348983,eth1,0.00,0.00,0.00,0,0,0.00,0.00,0.00,0,0,0.00,0.00,0,0
1599348983,s2,0.00,0.00,0.00,0,0,0.00,0.00,0.00,0,0,0.00,0.00,0,0
1599348983,s1-eth2,150960.00,6178634.00,6329594.00,6178634,150960,2040.00,4081.00,6121.00,4081,2040,0.00,0.00,0,0
1599348983,s1-eth1,6178634.00,151034.00,6329668.00,151034,6178634,4081.00,2041.00,6122.00,2041,4081,0.00,0.00,0,0
1599348983,s3,0.00,0.00,0.00,0,0,0.00,0.00,0.00,0,0,0.00,0.00,0,0
1599348983,s2-eth2,150960.00,6178634.00,6329594.00,6178634,150960,2040.00,4081.00,6121.00,4081,2040,0.00,0.00,0,0
1599348983,s2-eth1,6178634.00,150960.00,6329594.00,150960,6178634,4081.00,2040.00,6121.00,2040,4081,0.00,0.00,0,0
1599348983,lo,344.00,344.00,688.00,344,344,6.00,6.00,12.00,6,6,0.00,0.00,0,0
1599348983,s3-eth2,151034.00,6178634.00,6329668.00,6178634,151034,2041.00,4081.00,6122.00,4081,2041,0.00,0.00,0,0
1599348983,s3-eth1,6178634.00,150960.00,6329594.00,150960,6178634,4081.00,2040.00,6121.00,2040,4081,0.00,0.00,0,0
1599348983,total,18989200.00,18989200.00,37978400.00,18989200,18989200,18370.00,18370.00,36740.00,18370,18370,0.00,0.00,0,0
1599348984,s5,0.00,0.00,0.00,0,0,0.00,0.00,0.00,0,0,0.00,0.00,0,0
1599348984,s1,0.00,0.00,0.00,0,0,0.00,0.00,0.00,0,0,0.00,0.00,0,0
1599348984,eth0,0.00,0.00,0.00,0,0,0.00,0.00,0.00,0,0,0.00,0.00,0,0
1599348984,eth1,0.00,0.00,0.00,0,0,0.00,0.00,0.00,0,0,0.00,0.00,0,0
1599348984,s2,0.00,0.00,0.00,0,0,0.00,0.00,0.00,0,0,0.00,0.00,0,0
1599348984,s1-eth2,152514.00,6239194.00,6391708.00,6239194,152514,2061.00,4121.00,6182.00,4121,2061,0.00,0.00,0,0
1599348984,s1-eth1,6239194.00,152440.00,6391634.00,152440,6239194,4121.00,2060.00,6181.00,2060,4121,0.00,0.00,0,0
1599348984,s3,0.00,0.00,0.00,0,0,0.00,0.00,0.00,0,0,0.00,0.00,0,0
1599348984,s2-eth2,152514.00,6237680.00,6390194.00,6237680,152514,2061.00,4120.00,6181.00,4120,2061,0.00,0.00,0,0
1599348984,s2-eth1,6239194.00,152514.00,6391708.00,152514,6239194,4121.00,2061.00,6182.00,2061,4121,0.00,0.00,0,0
1599348984,lo,172.00,172.00,344.00,172,172,3.00,3.00,6.00,3,3,0.00,0.00,0,0
1599348984,s3-eth2,152440.00,6237680.00,6390120.00,6237680,152440,2060.00,4120.00,6180.00,4120,2060,0.00,0.00,0,0
1599348984,s3-eth1,6237680.00,152514.00,6390194.00,152514,6237680,4120.00,2061.00,6181.00,2061,4120,0.00,0.00,0,0
1599348984,total,19173708.00,19172194.00,38345904.00,19172194,19173708,18547.00,18546.00,37093.00,18546,18547,0.00,0.00,0,0
1599348985,s5,0.00,0.00,0.00,0,0,0.00,0.00,0.00,0,0,0.00,0.00,0,0
1599348985,s1,0.00,214.00,214.00,214,0,0.00,2.00,2.00,2,0,0.00,0.00,0,0
1599348985,eth0,0.00,0.00,0.00,0,0,0.00,0.00,0.00,0,0,0.00,0.00,0,0
1599348985,eth1,0.00,0.00,0.00,0,0,0.00,0.00,0.00,0,0,0.00,0.00,0,0
1599348985,s2,0.00,214.00,214.00,214,0,0.00,2.00,2.00,2,0,0.00,0.00,0,0
1599348985,s1-eth2,152473.00,6233352.00,6385825.00,6233352,152473,2060.00,4119.00,6179.00,4119,2060,0.00,0.00,0,0
1599348985,s1-eth1,6234973.00,152440.00,6387413.00,152440,6234973,4121.00,2060.00,6181.00,2060,4121,0.00,0.00,0,0
1599348985,s3,0.00,214.00,214.00,214,0,0.00,2.00,2.00,2,0,0.00,0.00,0,0
1599348985,s2-eth2,152580.00,6234759.00,6387339.00,6234759,152580,2061.00,4119.00,6180.00,4119,2061,0.00,0.00,0,0
1599348985,s2-eth1,6233352.00,152473.00,6385825.00,152473,6233352,4119.00,2060.00,6179.00,2060,4119,0.00,0.00,0,0
1599348985,lo,1830.00,1830.00,3660.00,1830,1830,18.00,18.00,36.00,18,18,0.00,0.00,0,0
1599348985,s3-eth2,152761.00,6236166.00,6388927.00,6236166,152761,2063.00,4119.00,6182.00,4119,2063,0.00,0.00,0,0
1599348985,s3-eth1,6234759.00,152580.00,6387339.00,152580,6234759,4119.00,2061.00,6180.00,2061,4119,0.00,0.00,0,0
1599348985,total,19162728.00,19164242.00,38326968.00,19164242,19162728,18561.00,18562.00,37123.00,18562,18561,0.00,0.00,0,0
1599348986,s5,0.00,0.00,0.00,0,0,0.00,0.00,0.00,0,0,0.00,0.00,0,0
1599348986,s1,0.00,342.00,342.00,342,0,0.00,1.00,1.00,1,0,0.00,0.00,0,0
1599348986,eth0,0.00,0.00,0.00,0,0,0.00,0.00,0.00,0,0,0.00,0.00,0,0
1599348986,eth1,0.00,0.00,0.00,0,0,0.00,0.00,0.00,0,0,0.00,0.00,0,0
1599348986,s2,0.00,342.00,342.00,342,0,0.00,1.00,1.00,1,0,0.00,0.00,0,0
1599348986,s1-eth2,152366.00,6238022.00,6390388.00,6238022,152366,2059.00,4121.00,6180.00,4121,2059,0.00,0.00,0,0
1599348986,s1-eth1,6234994.00,152366.00,6387360.00,152366,6234994,4119.00,2059.00,6178.00,2059,4119,0.00,0.00,0,0
1599348986,s3,0.00,0.00,0.00,0,0,0.00,0.00,0.00,0,0,0.00,0.00,0,0
1599348986,s2-eth2,152366.00,6239536.00,6391902.00,6239536,152366,2059.00,4122.00,6181.00,4122,2059,0.00,0.00,0,0
1599348986,s2-eth1,6238022.00,152366.00,6390388.00,152366,6238022,4121.00,2059.00,6180.00,2059,4121,0.00,0.00,0,0
1599348986,lo,652.00,652.00,1304.00,652,652,6.00,6.00,12.00,6,6,0.00,0.00,0,0
1599348986,s3-eth2,152366.00,6240708.00,6393074.00,6240708,152366,2059.00,4122.00,6181.00,4122,2059,0.00,0.00,0,0
1599348986,s3-eth1,6239536.00,152366.00,6391902.00,152366,6239536,4122.00,2059.00,6181.00,2059,4122,0.00,0.00,0,0
1599348986,total,19170302.00,19176700.00,38347000.00,19176700,19170302,18545.00,18550.00,37095.00,18550,18545,0.00,0.00,0,0
1599348987,s5,0.00,0.00,0.00,0,0,0.00,0.00,0.00,0,0,0.00,0.00,0,0
1599348987,s1,0.00,0.00,0.00,0,0,0.00,0.00,0.00,0,0,0.00,0.00,0,0
1599348987,eth0,0.00,0.00,0.00,0,0,0.00,0.00,0.00,0,0,0.00,0.00,0,0
1599348987,eth1,0.00,0.00,0.00,0,0,0.00,0.00,0.00,0,0,0.00,0.00,0,0
1599348987,s2,0.00,0.00,0.00,0,0,0.00,0.00,0.00,0,0,0.00,0.00,0,0
1599348987,s1-eth2,151478.00,6198316.00,6349794.00,6198316,151478,2047.00,4094.00,6141.00,4094,2047,0.00,0.00,0,0
1599348987,s1-eth1,6198316.00,151404.00,6349720.00,151404,6198316,4094.00,2046.00,6140.00,2046,4094,0.00,0.00,0,0
1599348987,s3,0.00,0.00,0.00,0,0,0.00,0.00,0.00,0,0,0.00,0.00,0,0
1599348987,s2-eth2,151478.00,6198316.00,6349794.00,6198316,151478,2047.00,4094.00,6141.00,4094,2047,0.00,0.00,0,0
1599348987,s2-eth1,6198316.00,151478.00,6349794.00,151478,6198316,4094.00,2047.00,6141.00,2047,4094,0.00,0.00,0,0
1599348987,lo,0.00,0.00,0.00,0,0,0.00,0.00,0.00,0,0,0.00,0.00,0,0
1599348987,s3-eth2,151404.00,6198316.00,6349720.00,6198316,151404,2046.00,4094.00,6140.00,4094,2046,0.00,0.00,0,0
1599348987,s3-eth1,6198316.00,151478.00,6349794.00,151478,6198316,4094.00,2047.00,6141.00,2047,4094,0.00,0.00,0,0
1599348987,total,19049308.00,19049308.00,38098616.00,19049308,19049308,18422.00,18422.00,36844.00,18422,18422,0.00,0.00,0,0
1599348988,s5,0.00,0.00,0.00,0,0,0.00,0.00,0.00,0,0,0.00,0.00,0,0
1599348988,s1,0.00,0.00,0.00,0,0,0.00,0.00,0.00,0,0,0.00,0.00,0,0
1599348988,eth0,0.00,0.00,0.00,0,0,0.00,0.00,0.00,0,0,0.00,0.00,0,0
1599348988,eth1,0.00,0.00,0.00,0,0,0.00,0.00,0.00,0,0,0.00,0.00,0,0
1599348988,s2,0.00,0.00,0.00,0,0,0.00,0.00,0.00,0,0,0.00,0.00,0,0
1599348988,s1-eth2,152662.00,6245250.00,6397912.00,6245250,152662,2063.00,4125.00,6188.00,4125,2063,0.00,0.00,0,0
1599348988,s1-eth1,6245250.00,152662.00,6397912.00,152662,6245250,4125.00,2063.00,6188.00,2063,4125,0.00,0.00,0,0
1599348988,s3,0.00,0.00,0.00,0,0,0.00,0.00,0.00,0,0,0.00,0.00,0,0
1599348988,s2-eth2,152662.00,6245250.00,6397912.00,6245250,152662,2063.00,4125.00,6188.00,4125,2063,0.00,0.00,0,0
1599348988,s2-eth1,6245250.00,152662.00,6397912.00,152662,6245250,4125.00,2063.00,6188.00,2063,4125,0.00,0.00,0,0
1599348988,lo,0.00,0.00,0.00,0,0,0.00,0.00,0.00,0,0,0.00,0.00,0,0
1599348988,s3-eth2,152662.00,6245250.00,6397912.00,6245250,152662,2063.00,4125.00,6188.00,4125,2063,0.00,0.00,0,0
1599348988,s3-eth1,6245250.00,152662.00,6397912.00,152662,6245250,4125.00,2063.00,6188.00,2063,4125,0.00,0.00,0,0
1599348988,total,19193736.00,19193736.00,38387472.00,19193736,19193736,18564.00,18564.00,37128.00,18564,18564,0.00,0.00,0,0
1599348989,s5,0.00,0.00,0.00,0,0,0.00,0.00,0.00,0,0,0.00,0.00,0,0
1599348989,s1,0.00,0.00,0.00,0,0,0.00,0.00,0.00,0,0,0.00,0.00,0,0
1599348989,eth0,0.00,0.00,0.00,0,0,0.00,0.00,0.00,0,0,0.00,0.00,0,0
1599348989,eth1,0.00,0.00,0.00,0,0,0.00,0.00,0.00,0,0,0.00,0.00,0,0
1599348989,s2,0.00,0.00,0.00,0,0,0.00,0.00,0.00,0,0,0.00,0.00,0,0
1599348989,s1-eth2,152440.00,6240708.00,6393148.00,6240708,152440,2060.00,4122.00,6182.00,4122,2060,0.00,0.00,0,0
1599348989,s1-eth1,6240708.00,152514.00,6393222.00,152514,6240708,4122.00,2061.00,6183.00,2061,4122,0.00,0.00,0,0
1599348989,s3,0.00,0.00,0.00,0,0,0.00,0.00,0.00,0,0,0.00,0.00,0,0
1599348989,s2-eth2,152440.00,6240708.00,6393148.00,6240708,152440,2060.00,4122.00,6182.00,4122,2060,0.00,0.00,0,0
1599348989,s2-eth1,6240708.00,152440.00,6393148.00,152440,6240708,4122.00,2060.00,6182.00,2060,4122,0.00,0.00,0,0
1599348989,lo,172.00,172.00,344.00,172,172,3.00,3.00,6.00,3,3,0.00,0.00,0,0
1599348989,s3-eth2,152514.00,6240708.00,6393222.00,6240708,152514,2061.00,4122.00,6183.00,4122,2061,0.00,0.00,0,0
1599348989,s3-eth1,6240708.00,152440.00,6393148.00,152440,6240708,4122.00,2060.00,6182.00,2060,4122,0.00,0.00,0,0
1599348989,total,19179690.00,19179690.00,38359380.00,19179690,19179690,18550.00,18550.00,37100.00,18550,18550,0.00,0.00,0,0
1599348990,s5,0.00,0.00,0.00,0,0,0.00,0.00,0.00,0,0,0.00,0.00,0,0
1599348990,s1,0.00,0.00,0.00,0,0,0.00,0.00,0.00,0,0,0.00,0.00,0,0
1599348990,eth0,0.00,0.00,0.00,0,0,0.00,0.00,0.00,0,0,0.00,0.00,0,0
1599348990,eth1,0.00,0.00,0.00,0,0,0.00,0.00,0.00,0,0,0.00,0.00,0,0
1599348990,s2,0.00,0.00,0.00,0,0,0.00,0.00,0.00,0,0,0.00,0.00,0,0
1599348990,s1-eth2,151478.00,6195288.00,6346766.00,6195288,151478,2047.00,4092.00,6139.00,4092,2047,0.00,0.00,0,0
1599348990,s1-eth1,6195630.00,151404.00,6347034.00,151404,6195630,4093.00,2046.00,6139.00,2046,4093,0.00,0.00,0,0
1599348990,s3,0.00,0.00,0.00,0,0,0.00,0.00,0.00,0,0,0.00,0.00,0,0
1599348990,s2-eth2,151478.00,6195288.00,6346766.00,6195288,151478,2047.00,4092.00,6139.00,4092,2047,0.00,0.00,0,0
1599348990,s2-eth1,6195288.00,151478.00,6346766.00,151478,6195288,4092.00,2047.00,6139.00,2047,4092,0.00,0.00,0,0
1599348990,lo,516.00,516.00,1032.00,516,516,9.00,9.00,18.00,9,9,0.00,0.00,0,0
1599348990,s3-eth2,151404.00,6195288.00,6346692.00,6195288,151404,2046.00,4092.00,6138.00,4092,2046,0.00,0.00,0,0
1599348990,s3-eth1,6195288.00,151478.00,6346766.00,151478,6195288,4092.00,2047.00,6139.00,2047,4092,0.00,0.00,0,0
1599348990,total,19041082.00,19040740.00,38081824.00,19040740,19041082,18426.00,18425.00,36851.00,18425,18426,0.00,0.00,0,0
1599348991,s5,0.00,0.00,0.00,0,0,0.00,0.00,0.00,0,0,0.00,0.00,0,0
1599348991,s1,0.00,342.00,342.00,342,0,0.00,1.00,1.00,1,0,0.00,0.00,0,0
1599348991,eth0,0.00,0.00,0.00,0,0,0.00,0.00,0.00,0,0,0.00,0.00,0,0
1599348991,eth1,0.00,0.00,0.00,0,0,0.00,0.00,0.00,0,0,0.00,0.00,0,0
1599348991,s2,0.00,0.00,0.00,0,0,0.00,0.00,0.00,0,0,0.00,0.00,0,0
1599348991,s1-eth2,151996.00,6222882.00,6374878.00,6222882,151996,2054.00,4111.00,6165.00,4111,2054,0.00,0.00,0,0
1599348991,s1-eth1,6222882.00,152070.00,6374952.00,152070,6222882,4111.00,2055.00,6166.00,2055,4111,0.00,0.00,0,0
1599348991,s3,0.00,0.00,0.00,0,0,0.00,0.00,0.00,0,0,0.00,0.00,0,0
1599348991,s2-eth2,151996.00,6222540.00,6374536.00,6222540,151996,2054.00,4110.00,6164.00,4110,2054,0.00,0.00,0,0
1599348991,s2-eth1,6222882.00,151996.00,6374878.00,151996,6222882,4111.00,2054.00,6165.00,2054,4111,0.00,0.00,0,0
1599348991,lo,326.00,326.00,652.00,326,326,3.00,3.00,6.00,3,3,0.00,0.00,0,0
1599348991,s3-eth2,152070.00,6222540.00,6374610.00,6222540,152070,2055.00,4110.00,6165.00,4110,2055,0.00,0.00,0,0
1599348991,s3-eth1,6222540.00,151996.00,6374536.00,151996,6222540,4110.00,2054.00,6164.00,2054,4110,0.00,0.00,0,0
1599348991,total,19124692.00,19124692.00,38249384.00,19124692,19124692,18498.00,18498.00,36996.00,18498,18498,0.00,0.00,0,0
1599348992,s5,0.00,0.00,0.00,0,0,0.00,0.00,0.00,0,0,0.00,0.00,0,0
1599348992,s1,0.00,0.00,0.00,0,0,0.00,0.00,0.00,0,0,0.00,0.00,0,0
1599348992,eth0,0.00,0.00,0.00,0,0,0.00,0.00,0.00,0,0,0.00,0.00,0,0
1599348992,eth1,0.00,0.00,0.00,0,0,0.00,0.00,0.00,0,0,0.00,0.00,0,0
1599348992,s2,0.00,0.00,0.00,0,0,0.00,0.00,0.00,0,0,0.00,0.00,0,0
1599348992,s1-eth2,152440.00,6236166.00,6388606.00,6236166,152440,2060.00,4119.00,6179.00,4119,2060,0.00,0.00,0,0
1599348992,s1-eth1,6237680.00,152440.00,6390120.00,152440,6237680,4120.00,2060.00,6180.00,2060,4120,0.00,0.00,0,0
1599348992,s3,0.00,0.00,0.00,0,0,0.00,0.00,0.00,0,0,0.00,0.00,0,0
1599348992,s2-eth2,152514.00,6237680.00,6390194.00,6237680,152514,2061.00,4120.00,6181.00,4120,2061,0.00,0.00,0,0
1599348992,s2-eth1,6236166.00,152440.00,6388606.00,152440,6236166,4119.00,2060.00,6179.00,2060,4119,0.00,0.00,0,0
1599348992,lo,0.00,0.00,0.00,0,0,0.00,0.00,0.00,0,0,0.00,0.00,0,0
1599348992,s3-eth2,152782.00,6236166.00,6388948.00,6236166,152782,2061.00,4119.00,6180.00,4119,2061,0.00,0.00,0,0
1599348992,s3-eth1,6237680.00,152514.00,6390194.00,152514,6237680,4120.00,2061.00,6181.00,2061,4120,0.00,0.00,0,0
1599348992,total,19169262.00,19167406.00,38336668.00,19167406,19169262,18541.00,18539.00,37080.00,18539,18541,0.00,0.00,0,0
1599348993,s5,0.00,0.00,0.00,0,0,0.00,0.00,0.00,0,0,0.00,0.00,0,0
1599348993,s1,0.00,0.00,0.00,0,0,0.00,0.00,0.00,0,0,0.00,0.00,0,0
1599348993,eth0,0.00,0.00,0.00,0,0,0.00,0.00,0.00,0,0,0.00,0.00,0,0
1599348993,eth1,0.00,0.00,0.00,0,0,0.00,0.00,0.00,0,0,0.00,0.00,0,0
1599348993,s2,0.00,342.00,342.00,342,0,0.00,1.00,1.00,1,0,0.00,0.00,0,0
1599348993,s1-eth2,151820.00,6198316.00,6350136.00,6198316,151820,2048.00,4094.00,6142.00,4094,2048,0.00,0.00,0,0
1599348993,s1-eth1,6198316.00,151478.00,6349794.00,151478,6198316,4094.00,2047.00,6141.00,2047,4094,0.00,0.00,0,0
1599348993,s3,0.00,684.00,684.00,684,0,0.00,2.00,2.00,2,0,0.00,0.00,0,0
1599348993,s2-eth2,152162.00,6198316.00,6350478.00,6198316,152162,2049.00,4094.00,6143.00,4094,2049,0.00,0.00,0,0
1599348993,s2-eth1,6198316.00,151820.00,6350136.00,151820,6198316,4094.00,2048.00,6142.00,2048,4094,0.00,0.00,0,0
1599348993,lo,978.00,978.00,1956.00,978,978,9.00,9.00,18.00,9,9,0.00,0.00,0,0
1599348993,s3-eth2,152162.00,6198316.00,6350478.00,6198316,152162,2049.00,4094.00,6143.00,4094,2049,0.00,0.00,0,0
1599348993,s3-eth1,6198316.00,152162.00,6350478.00,152162,6198316,4094.00,2049.00,6143.00,2049,4094,0.00,0.00,0,0
1599348993,total,19052070.00,19052412.00,38104480.00,19052412,19052070,18437.00,18438.00,36875.00,18438,18437,0.00,0.00,0,0
1599348994,s5,0.00,0.00,0.00,0,0,0.00,0.00,0.00,0,0,0.00,0.00,0,0
1599348994,s1,0.00,0.00,0.00,0,0,0.00,0.00,0.00,0,0,0.00,0.00,0,0
1599348994,eth0,0.00,0.00,0.00,0,0,0.00,0.00,0.00,0,0,0.00,0.00,0,0
1599348994,eth1,0.00,0.00,0.00,0,0,0.00,0.00,0.00,0,0,0.00,0.00,0,0
1599348994,s2,0.00,0.00,0.00,0,0,0.00,0.00,0.00,0,0,0.00,0.00,0,0
1599348994,s1-eth2,152662.00,6246764.00,6399426.00,6246764,152662,2063.00,4126.00,6189.00,4126,2063,0.00,0.00,0,0
1599348994,s1-eth1,6246764.00,152662.00,6399426.00,152662,6246764,4126.00,2063.00,6189.00,2063,4126,0.00,0.00,0,0
1599348994,s3,0.00,0.00,0.00,0,0,0.00,0.00,0.00,0,0,0.00,0.00,0,0
1599348994,s2-eth2,152588.00,6246764.00,6399352.00,6246764,152588,2062.00,4126.00,6188.00,4126,2062,0.00,0.00,0,0
1599348994,s2-eth1,6246764.00,152662.00,6399426.00,152662,6246764,4126.00,2063.00,6189.00,2063,4126,0.00,0.00,0,0
1599348994,lo,172.00,172.00,344.00,172,172,3.00,3.00,6.00,3,3,0.00,0.00,0,0
1599348994,s3-eth2,152662.00,6245250.00,6397912.00,6245250,152662,2063.00,4125.00,6188.00,4125,2063,0.00,0.00,0,0
1599348994,s3-eth1,6246764.00,152588.00,6399352.00,152588,6246764,4126.00,2062.00,6188.00,2062,4126,0.00,0.00,0,0
1599348994,total,19198376.00,19196862.00,38395240.00,19196862,19198376,18569.00,18568.00,37137.00,18568,18569,0.00,0.00,0,0
1599348995,s5,0.00,0.00,0.00,0,0,0.00,0.00,0.00,0,0,0.00,0.00,0,0
1599348995,s1,0.00,0.00,0.00,0,0,0.00,0.00,0.00,0,0,0.00,0.00,0,0
1599348995,eth0,0.00,0.00,0.00,0,0,0.00,0.00,0.00,0,0,0.00,0.00,0,0
1599348995,eth1,0.00,0.00,0.00,0,0,0.00,0.00,0.00,0,0,0.00,0.00,0,0
1599348995,s2,0.00,0.00,0.00,0,0,0.00,0.00,0.00,0,0,0.00,0.00,0,0
1599348995,s1-eth2,152588.00,6242222.00,6394810.00,6242222,152588,2062.00,4123.00,6185.00,4123,2062,0.00,0.00,0,0
1599348995,s1-eth1,6242222.00,152514.00,6394736.00,152514,6242222,4123.00,2061.00,6184.00,2061,4123,0.00,0.00,0,0
1599348995,s3,0.00,0.00,0.00,0,0,0.00,0.00,0.00,0,0,0.00,0.00,0,0
1599348995,s2-eth2,152588.00,6242222.00,6394810.00,6242222,152588,2062.00,4123.00,6185.00,4123,2062,0.00,0.00,0,0
1599348995,s2-eth1,6242222.00,152588.00,6394810.00,152588,6242222,4123.00,2062.00,6185.00,2062,4123,0.00,0.00,0,0
1599348995,lo,0.00,0.00,0.00,0,0,0.00,0.00,0.00,0,0,0.00,0.00,0,0
1599348995,s3-eth2,152514.00,6242222.00,6394736.00,6242222,152514,2061.00,4123.00,6184.00,4123,2061,0.00,0.00,0,0
1599348995,s3-eth1,6242222.00,152588.00,6394810.00,152588,6242222,4123.00,2062.00,6185.00,2062,4123,0.00,0.00,0,0
1599348995,total,19184356.00,19184356.00,38368712.00,19184356,19184356,18554.00,18554.00,37108.00,18554,18554,0.00,0.00,0,0
1599348996,s5,0.00,0.00,0.00,0,0,0.00,0.00,0.00,0,0,0.00,0.00,0,0
1599348996,s1,0.00,0.00,0.00,0,0,0.00,0.00,0.00,0,0,0.00,0.00,0,0
1599348996,eth0,0.00,0.00,0.00,0,0,0.00,0.00,0.00,0,0,0.00,0.00,0,0
1599348996,eth1,0.00,0.00,0.00,0,0,0.00,0.00,0.00,0,0,0.00,0.00,0,0
1599348996,s2,0.00,0.00,0.00,0,0,0.00,0.00,0.00,0,0,0.00,0.00,0,0
1599348996,s1-eth2,152514.00,6240708.00,6393222.00,6240708,152514,2061.00,4122.00,6183.00,4122,2061,0.00,0.00,0,0
1599348996,s1-eth1,6240708.00,152514.00,6393222.00,152514,6240708,4122.00,2061.00,6183.00,2061,4122,0.00,0.00,0,0
1599348996,s3,0.00,0.00,0.00,0,0,0.00,0.00,0.00,0,0,0.00,0.00,0,0
1599348996,s2-eth2,152514.00,6240708.00,6393222.00,6240708,152514,2061.00,4122.00,6183.00,4122,2061,0.00,0.00,0,0
1599348996,s2-eth1,6240708.00,152514.00,6393222.00,152514,6240708,4122.00,2061.00,6183.00,2061,4122,0.00,0.00,0,0
1599348996,lo,172.00,172.00,344.00,172,172,3.00,3.00,6.00,3,3,0.00,0.00,0,0
1599348996,s3-eth2,152514.00,6240708.00,6393222.00,6240708,152514,2061.00,4122.00,6183.00,4122,2061,0.00,0.00,0,0
1599348996,s3-eth1,6240708.00,152514.00,6393222.00,152514,6240708,4122.00,2061.00,6183.00,2061,4122,0.00,0.00,0,0
1599348996,total,19179838.00,19179838.00,38359676.00,19179838,19179838,18552.00,18552.00,37104.00,18552,18552,0.00,0.00,0,0
1599348997,s5,0.00,0.00,0.00,0,0,0.00,0.00,0.00,0,0,0.00,0.00,0,0
1599348997,s1,0.00,0.00,0.00,0,0,0.00,0.00,0.00,0,0,0.00,0.00,0,0
1599348997,eth0,0.00,0.00,0.00,0,0,0.00,0.00,0.00,0,0,0.00,0.00,0,0
1599348997,eth1,0.00,0.00,0.00,0,0,0.00,0.00,0.00,0,0,0.00,0.00,0,0
1599348997,s2,0.00,0.00,0.00,0,0,0.00,0.00,0.00,0,0,0.00,0.00,0,0
1599348997,s1-eth2,151330.00,6192260.00,6343590.00,6192260,151330,2045.00,4090.00,6135.00,4090,2045,0.00,0.00,0,0
1599348997,s1-eth1,6192602.00,151404.00,6344006.00,151404,6192602,4091.00,2046.00,6137.00,2046,4091,0.00,0.00,0,0
1599348997,s3,0.00,0.00,0.00,0,0,0.00,0.00,0.00,0,0,0.00,0.00,0,0
1599348997,s2-eth2,151330.00,6192260.00,6343590.00,6192260,151330,2045.00,4090.00,6135.00,4090,2045,0.00,0.00,0,0
1599348997,s2-eth1,6192260.00,151330.00,6343590.00,151330,6192260,4090.00,2045.00,6135.00,2045,4090,0.00,0.00,0,0
1599348997,lo,172.00,172.00,344.00,172,172,3.00,3.00,6.00,3,3,0.00,0.00,0,0
1599348997,s3-eth2,151404.00,6192260.00,6343664.00,6192260,151404,2046.00,4090.00,6136.00,4090,2046,0.00,0.00,0,0
1599348997,s3-eth1,6192260.00,151330.00,6343590.00,151330,6192260,4090.00,2045.00,6135.00,2045,4090,0.00,0.00,0,0
1599348997,total,19031358.00,19031016.00,38062376.00,19031016,19031358,18410.00,18409.00,36819.00,18409,18410,0.00,0.00,0,0
1599348998,s5,0.00,0.00,0.00,0,0,0.00,0.00,0.00,0,0,0.00,0.00,0,0
1599348998,s1,0.00,0.00,0.00,0,0,0.00,0.00,0.00,0,0,0.00,0.00,0,0
1599348998,eth0,0.00,0.00,0.00,0,0,0.00,0.00,0.00,0,0,0.00,0.00,0,0
1599348998,eth1,0.00,0.00,0.00,0,0,0.00,0.00,0.00,0,0,0.00,0.00,0,0
1599348998,s2,0.00,0.00,0.00,0,0,0.00,0.00,0.00,0,0,0.00,0.00,0,0
1599348998,s1-eth2,152366.00,6237680.00,6390046.00,6237680,152366,2059.00,4120.00,6179.00,4120,2059,0.00,0.00,0,0
1599348998,s1-eth1,6236166.00,152366.00,6388532.00,152366,6236166,4119.00,2059.00,6178.00,2059,4119,0.00,0.00,0,0
1599348998,s3,0.00,0.00,0.00,0,0,0.00,0.00,0.00,0,0,0.00,0.00,0,0
1599348998,s2-eth2,152440.00,6236166.00,6388606.00,6236166,152440,2060.00,4119.00,6179.00,4119,2060,0.00,0.00,0,0
1599348998,s2-eth1,6237680.00,152366.00,6390046.00,152366,6237680,4120.00,2059.00,6179.00,2059,4120,0.00,0.00,0,0
1599348998,lo,172.00,172.00,344.00,172,172,3.00,3.00,6.00,3,3,0.00,0.00,0,0
1599348998,s3-eth2,152366.00,6237680.00,6390046.00,6237680,152366,2059.00,4120.00,6179.00,4120,2059,0.00,0.00,0,0
1599348998,s3-eth1,6236166.00,152440.00,6388606.00,152440,6236166,4119.00,2060.00,6179.00,2060,4119,0.00,0.00,0,0
1599348998,total,19167356.00,19168870.00,38336224.00,19168870,19167356,18539.00,18540.00,37079.00,18540,18539,0.00,0.00,0,0
1599348999,s5,0.00,0.00,0.00,0,0,0.00,0.00,0.00,0,0,0.00,0.00,0,0
1599348999,s1,0.00,0.00,0.00,0,0,0.00,0.00,0.00,0,0,0.00,0.00,0,0
1599348999,eth0,0.00,0.00,0.00,0,0,0.00,0.00,0.00,0,0,0.00,0.00,0,0
1599348999,eth1,0.00,0.00,0.00,0,0,0.00,0.00,0.00,0,0,0.00,0.00,0,0
1599348999,s2,0.00,0.00,0.00,0,0,0.00,0.00,0.00,0,0,0.00,0.00,0,0
1599348999,s1-eth2,152588.00,6240708.00,6393296.00,6240708,152588,2062.00,4122.00,6184.00,4122,2062,0.00,0.00,0,0
1599348999,s1-eth1,6240708.00,152514.00,6393222.00,152514,6240708,4122.00,2061.00,6183.00,2061,4122,0.00,0.00,0,0
1599348999,s3,0.00,0.00,0.00,0,0,0.00,0.00,0.00,0,0,0.00,0.00,0,0
1599348999,s2-eth2,152514.00,6240708.00,6393222.00,6240708,152514,2061.00,4122.00,6183.00,4122,2061,0.00,0.00,0,0
1599348999,s2-eth1,6240708.00,152588.00,6393296.00,152588,6240708,4122.00,2062.00,6184.00,2062,4122,0.00,0.00,0,0
1599348999,lo,172.00,172.00,344.00,172,172,3.00,3.00,6.00,3,3,0.00,0.00,0,0
1599348999,s3-eth2,152514.00,6240708.00,6393222.00,6240708,152514,2061.00,4122.00,6183.00,4122,2061,0.00,0.00,0,0
1599348999,s3-eth1,6240708.00,152514.00,6393222.00,152514,6240708,4122.00,2061.00,6183.00,2061,4122,0.00,0.00,0,0
1599348999,total,19179912.00,19179912.00,38359824.00,19179912,19179912,18553.00,18553.00,37106.00,18553,18553,0.00,0.00,0,0
1599349000,s5,0.00,0.00,0.00,0,0,0.00,0.00,0.00,0,0,0.00,0.00,0,0
1599349000,s1,0.00,342.00,342.00,342,0,0.00,1.00,1.00,1,0,0.00,0.00,0,0
1599349000,eth0,0.00,0.00,0.00,0,0,0.00,0.00,0.00,0,0,0.00,0.00,0,0
1599349000,eth1,0.00,0.00,0.00,0,0,0.00,0.00,0.00,0,0,0.00,0.00,0,0
1599349000,s2,0.00,342.00,342.00,342,0,0.00,1.00,1.00,1,0,0.00,0.00,0,0
1599349000,s1-eth2,150928.00,6172962.00,6323890.00,6172962,150928,2040.00,4079.00,6119.00,4079,2040,0.00,0.00,0,0
1599349000,s1-eth1,6174476.00,150928.00,6325404.00,150928,6174476,4080.00,2040.00,6120.00,2040,4080,0.00,0.00,0,0
1599349000,s3,0.00,0.00,0.00,0,0,0.00,0.00,0.00,0,0,0.00,0.00,0,0
1599349000,s2-eth2,150928.00,6172962.00,6323890.00,6172962,150928,2040.00,4079.00,6119.00,4079,2040,0.00,0.00,0,0
1599349000,s2-eth1,6174476.00,150928.00,6325404.00,150928,6174476,4080.00,2040.00,6120.00,2040,4080,0.00,0.00,0,0
1599349000,lo,1540.00,1540.00,3080.00,1540,1540,15.00,15.00,30.00,15,15,0.00,0.00,0,0
1599349000,s3-eth2,150928.00,6174134.00,6325062.00,6174134,150928,2040.00,4079.00,6119.00,4079,2040,0.00,0.00,0,0
1599349000,s3-eth1,6172962.00,150928.00,6323890.00,150928,6172962,4079.00,2040.00,6119.00,2040,4079,0.00,0.00,0,0
1599349000,total,18976238.00,18975066.00,37951304.00,18975066,18976238,18374.00,18374.00,36748.00,18374,18374,0.00,0.00,0,0
1599349001,s5,0.00,0.00,0.00,0,0,0.00,0.00,0.00,0,0,0.00,0.00,0,0
1599349001,s1,0.00,214.00,214.00,214,0,0.00,2.00,2.00,2,0,0.00,0.00,0,0
1599349001,eth0,0.00,0.00,0.00,0,0,0.00,0.00,0.00,0,0,0.00,0.00,0,0
1599349001,eth1,0.00,0.00,0.00,0,0,0.00,0.00,0.00,0,0,0.00,0.00,0,0
1599349001,s2,0.00,214.00,214.00,214,0,0.00,2.00,2.00,2,0,0.00,0.00,0,0
1599349001,s1-eth2,151881.00,6200044.00,6351925.00,6200044,151881,2052.00,4097.00,6149.00,4097,2052,0.00,0.00,0,0
1599349001,s1-eth1,6198637.00,151552.00,6350189.00,151552,6198637,4097.00,2048.00,6145.00,2048,4097,0.00,0.00,0,0
1599349001,s3,0.00,214.00,214.00,214,0,0.00,2.00,2.00,2,0,0.00,0.00,0,0
1599349001,s2-eth2,152062.00,6199937.00,6351999.00,6199937,152062,2054.00,4096.00,6150.00,4096,2054,0.00,0.00,0,0
1599349001,s2-eth1,6198530.00,151881.00,6350411.00,151881,6198530,4096.00,2052.00,6148.00,2052,4096,0.00,0.00,0,0
1599349001,lo,1830.00,1830.00,3660.00,1830,1830,18.00,18.00,36.00,18,18,0.00,0.00,0,0
1599349001,s3-eth2,152169.00,6198316.00,6350485.00,6198316,152169,2055.00,4094.00,6149.00,4094,2055,0.00,0.00,0,0
1599349001,s3-eth1,6199937.00,152062.00,6351999.00,152062,6199937,4096.00,2054.00,6150.00,2054,4096,0.00,0.00,0,0
1599349001,total,19055046.00,19056264.00,38111312.00,19056264,19055046,18468.00,18465.00,36933.00,18465,18468,0.00,0.00,0,0
1599349002,s5,0.00,0.00,0.00,0,0,0.00,0.00,0.00,0,0,0.00,0.00,0,0
1599349002,s1,0.00,0.00,0.00,0,0,0.00,0.00,0.00,0,0,0.00,0.00,0,0
1599349002,eth0,0.00,0.00,0.00,0,0,0.00,0.00,0.00,0,0,0.00,0.00,0,0
1599349002,eth1,0.00,0.00,0.00,0,0,0.00,0.00,0.00,0,0,0.00,0.00,0,0
1599349002,s2,0.00,0.00,0.00,0,0,0.00,0.00,0.00,0,0,0.00,0.00,0,0
1599349002,s1-eth2,150294.00,6163494.00,6313788.00,6163494,150294,2031.00,4071.00,6102.00,4071,2031,0.00,0.00,0,0
1599349002,s1-eth1,6163494.00,150590.00,6314084.00,150590,6163494,4071.00,2035.00,6106.00,2035,4071,0.00,0.00,0,0
1599349002,s3,0.00,0.00,0.00,0,0,0.00,0.00,0.00,0,0,0.00,0.00,0,0
1599349002,s2-eth2,150220.00,6163494.00,6313714.00,6163494,150220,2030.00,4071.00,6101.00,4071,2030,0.00,0.00,0,0
1599349002,s2-eth1,6163494.00,150294.00,6313788.00,150294,6163494,4071.00,2031.00,6102.00,2031,4071,0.00,0.00,0,0
1599349002,lo,0.00,0.00,0.00,0,0,0.00,0.00,0.00,0,0,0.00,0.00,0,0
1599349002,s3-eth2,150562.00,6165008.00,6315570.00,6165008,150562,2031.00,4072.00,6103.00,4072,2031,0.00,0.00,0,0
1599349002,s3-eth1,6163494.00,150220.00,6313714.00,150220,6163494,4071.00,2030.00,6101.00,2030,4071,0.00,0.00,0,0
1599349002,total,18941558.00,18943100.00,37884656.00,18943100,18941558,18305.00,18310.00,36615.00,18310,18305,0.00,0.00,0,0
1599349003,s5,0.00,0.00,0.00,0,0,0.00,0.00,0.00,0,0,0.00,0.00,0,0
1599349003,s1,0.00,0.00,0.00,0,0,0.00,0.00,0.00,0,0,0.00,0.00,0,0
1599349003,eth0,0.00,0.00,0.00,0,0,0.00,0.00,0.00,0,0,0.00,0.00,0,0
1599349003,eth1,0.00,0.00,0.00,0,0,0.00,0.00,0.00,0,0,0.00,0.00,0,0
1599349003,s2,0.00,0.00,0.00,0,0,0.00,0.00,0.00,0,0,0.00,0.00,0,0
1599349003,s1-eth2,152292.00,6231624.00,6383916.00,6231624,152292,2058.00,4116.00,6174.00,4116,2058,0.00,0.00,0,0
1599349003,s1-eth1,6233138.00,152292.00,6385430.00,152292,6233138,4117.00,2058.00,6175.00,2058,4117,0.00,0.00,0,0
1599349003,s3,0.00,0.00,0.00,0,0,0.00,0.00,0.00,0,0,0.00,0.00,0,0
1599349003,s2-eth2,152366.00,6234652.00,6387018.00,6234652,152366,2059.00,4118.00,6177.00,4118,2059,0.00,0.00,0,0
1599349003,s2-eth1,6231624.00,152292.00,6383916.00,152292,6231624,4116.00,2058.00,6174.00,2058,4116,0.00,0.00,0,0
1599349003,lo,0.00,0.00,0.00,0,0,0.00,0.00,0.00,0,0,0.00,0.00,0,0
1599349003,s3-eth2,152366.00,6231624.00,6383990.00,6231624,152366,2059.00,4116.00,6175.00,4116,2059,0.00,0.00,0,0
1599349003,s3-eth1,6234652.00,152366.00,6387018.00,152366,6234652,4118.00,2059.00,6177.00,2059,4118,0.00,0.00,0,0
1599349003,total,19156438.00,19154850.00,38311288.00,19154850,19156438,18527.00,18525.00,37052.00,18525,18527,0.00,0.00,0,0
1599349004,s5,0.00,0.00,0.00,0,0,0.00,0.00,0.00,0,0,0.00,0.00,0,0
1599349004,s1,0.00,0.00,0.00,0,0,0.00,0.00,0.00,0,0,0.00,0.00,0,0
1599349004,eth0,0.00,0.00,0.00,0,0,0.00,0.00,0.00,0,0,0.00,0.00,0,0
1599349004,eth1,0.00,0.00,0.00,0,0,0.00,0.00,0.00,0,0,0.00,0.00,0,0
1599349004,s2,0.00,0.00,0.00,0,0,0.00,0.00,0.00,0,0,0.00,0.00,0,0
1599349004,s1-eth2,152514.00,6240708.00,6393222.00,6240708,152514,2061.00,4122.00,6183.00,4122,2061,0.00,0.00,0,0
1599349004,s1-eth1,6240708.00,152514.00,6393222.00,152514,6240708,4122.00,2061.00,6183.00,2061,4122,0.00,0.00,0,0
1599349004,s3,0.00,0.00,0.00,0,0,0.00,0.00,0.00,0,0,0.00,0.00,0,0
1599349004,s2-eth2,152514.00,6239194.00,6391708.00,6239194,152514,2061.00,4121.00,6182.00,4121,2061,0.00,0.00,0,0
1599349004,s2-eth1,6240708.00,152514.00,6393222.00,152514,6240708,4122.00,2061.00,6183.00,2061,4122,0.00,0.00,0,0
1599349004,lo,172.00,172.00,344.00,172,172,3.00,3.00,6.00,3,3,0.00,0.00,0,0
1599349004,s3-eth2,152514.00,6240708.00,6393222.00,6240708,152514,2061.00,4122.00,6183.00,4122,2061,0.00,0.00,0,0
1599349004,s3-eth1,6239194.00,152514.00,6391708.00,152514,6239194,4121.00,2061.00,6182.00,2061,4121,0.00,0.00,0,0
1599349004,total,19178324.00,19178324.00,38356648.00,19178324,19178324,18551.00,18551.00,37102.00,18551,18551,0.00,0.00,0,0
1599349005,s5,0.00,0.00,0.00,0,0,0.00,0.00,0.00,0,0,0.00,0.00,0,0
1599349005,s1,0.00,0.00,0.00,0,0,0.00,0.00,0.00,0,0,0.00,0.00,0,0
1599349005,eth0,0.00,0.00,0.00,0,0,0.00,0.00,0.00,0,0,0.00,0.00,0,0
1599349005,eth1,0.00,0.00,0.00,0,0,0.00,0.00,0.00,0,0,0.00,0.00,0,0
1599349005,s2,0.00,0.00,0.00,0,0,0.00,0.00,0.00,0,0,0.00,0.00,0,0
1599349005,s1-eth2,152588.00,6245250.00,6397838.00,6245250,152588,2062.00,4125.00,6187.00,4125,2062,0.00,0.00,0,0
1599349005,s1-eth1,6245250.00,152588.00,6397838.00,152588,6245250,4125.00,2062.00,6187.00,2062,4125,0.00,0.00,0,0
1599349005,s3,0.00,0.00,0.00,0,0,0.00,0.00,0.00,0,0,0.00,0.00,0,0
1599349005,s2-eth2,152588.00,6246764.00,6399352.00,6246764,152588,2062.00,4126.00,6188.00,4126,2062,0.00,0.00,0,0
1599349005,s2-eth1,6246764.00,152662.00,6399426.00,152662,6246764,4126.00,2063.00,6189.00,2063,4126,0.00,0.00,0,0
1599349005,lo,0.00,0.00,0.00,0,0,0.00,0.00,0.00,0,0,0.00,0.00,0,0
1599349005,s3-eth2,152588.00,6246764.00,6399352.00,6246764,152588,2062.00,4126.00,6188.00,4126,2062,0.00,0.00,0,0
1599349005,s3-eth1,6246764.00,152588.00,6399352.00,152588,6246764,4126.00,2062.00,6188.00,2062,4126,0.00,0.00,0,0
1599349005,total,19196542.00,19196616.00,38393160.00,19196616,19196542,18563.00,18564.00,37127.00,18564,18563,0.00,0.00,0,0
1599349006,s5,0.00,0.00,0.00,0,0,0.00,0.00,0.00,0,0,0.00,0.00,0,0
1599349006,s1,0.00,0.00,0.00,0,0,0.00,0.00,0.00,0,0,0.00,0.00,0,0
1599349006,eth0,0.00,0.00,0.00,0,0,0.00,0.00,0.00,0,0,0.00,0.00,0,0
1599349006,eth1,0.00,0.00,0.00,0,0,0.00,0.00,0.00,0,0,0.00,0.00,0,0
1599349006,s2,0.00,342.00,342.00,342,0,0.00,1.00,1.00,1,0,0.00,0.00,0,0
1599349006,s1-eth2,151524.00,6186204.00,6337728.00,6186204,151524,2044.00,4086.00,6130.00,4086,2044,0.00,0.00,0,0
1599349006,s1-eth1,6184690.00,151182.00,6335872.00,151182,6184690,4085.00,2043.00,6128.00,2043,4085,0.00,0.00,0,0
1599349006,s3,0.00,342.00,342.00,342,0,0.00,1.00,1.00,1,0,0.00,0.00,0,0
1599349006,s2-eth2,151524.00,6184690.00,6336214.00,6184690,151524,2044.00,4085.00,6129.00,4085,2044,0.00,0.00,0,0
1599349006,s2-eth1,6184690.00,151450.00,6336140.00,151450,6184690,4085.00,2043.00,6128.00,2043,4085,0.00,0.00,0,0
1599349006,lo,824.00,824.00,1648.00,824,824,9.00,9.00,18.00,9,9,0.00,0.00,0,0
1599349006,s3-eth2,151524.00,6184690.00,6336214.00,6184690,151524,2044.00,4085.00,6129.00,4085,2044,0.00,0.00,0,0
1599349006,s3-eth1,6184690.00,151524.00,6336214.00,151524,6184690,4085.00,2044.00,6129.00,2044,4085,0.00,0.00,0,0
1599349006,total,19009466.00,19011248.00,38020712.00,19011248,19009466,18396.00,18397.00,36793.00,18397,18396,0.00,0.00,0,0
1599349007,s5,0.00,0.00,0.00,0,0,0.00,0.00,0.00,0,0,0.00,0.00,0,0
1599349007,s1,0.00,0.00,0.00,0,0,0.00,0.00,0.00,0,0,0.00,0.00,0,0
1599349007,eth0,0.00,0.00,0.00,0,0,0.00,0.00,0.00,0,0,0.00,0.00,0,0
1599349007,eth1,0.00,0.00,0.00,0,0,0.00,0.00,0.00,0,0,0.00,0.00,0,0
1599349007,s2,0.00,0.00,0.00,0,0,0.00,0.00,0.00,0,0,0.00,0.00,0,0
1599349007,s1-eth2,152366.00,6233138.00,6385504.00,6233138,152366,2059.00,4117.00,6176.00,4117,2059,0.00,0.00,0,0
1599349007,s1-eth1,6233138.00,152292.00,6385430.00,152292,6233138,4117.00,2058.00,6175.00,2058,4117,0.00,0.00,0,0
1599349007,s3,0.00,0.00,0.00,0,0,0.00,0.00,0.00,0,0,0.00,0.00,0,0
1599349007,s2-eth2,152292.00,6233138.00,6385430.00,6233138,152292,2058.00,4117.00,6175.00,4117,2058,0.00,0.00,0,0
1599349007,s2-eth1,6233138.00,152366.00,6385504.00,152366,6233138,4117.00,2059.00,6176.00,2059,4117,0.00,0.00,0,0
1599349007,lo,0.00,0.00,0.00,0,0,0.00,0.00,0.00,0,0,0.00,0.00,0,0
1599349007,s3-eth2,152292.00,6233138.00,6385430.00,6233138,152292,2058.00,4117.00,6175.00,4117,2058,0.00,0.00,0,0
1599349007,s3-eth1,6233138.00,152292.00,6385430.00,152292,6233138,4117.00,2058.00,6175.00,2058,4117,0.00,0.00,0,0
1599349007,total,19156364.00,19156364.00,38312728.00,19156364,19156364,18526.00,18526.00,37052.00,18526,18526,0.00,0.00,0,0
1599349008,s5,0.00,0.00,0.00,0,0,0.00,0.00,0.00,0,0,0.00,0.00,0,0
1599349008,s1,0.00,342.00,342.00,342,0,0.00,1.00,1.00,1,0,0.00,0.00,0,0
1599349008,eth0,0.00,0.00,0.00,0,0,0.00,0.00,0.00,0,0,0.00,0.00,0,0
1599349008,eth1,0.00,0.00,0.00,0,0,0.00,0.00,0.00,0,0,0.00,0.00,0,0
1599349008,s2,0.00,0.00,0.00,0,0,0.00,0.00,0.00,0,0,0.00,0.00,0,0
1599349008,s1-eth2,152366.00,6233480.00,6385846.00,6233480,152366,2059.00,4118.00,6177.00,4118,2059,0.00,0.00,0,0
1599349008,s1-eth1,6234994.00,152440.00,6387434.00,152440,6234994,4119.00,2060.00,6179.00,2060,4119,0.00,0.00,0,0
1599349008,s3,0.00,0.00,0.00,0,0,0.00,0.00,0.00,0,0,0.00,0.00,0,0
1599349008,s2-eth2,152366.00,6233138.00,6385504.00,6233138,152366,2059.00,4117.00,6176.00,4117,2059,0.00,0.00,0,0
1599349008,s2-eth1,6233480.00,152366.00,6385846.00,152366,6233480,4118.00,2059.00,6177.00,2059,4118,0.00,0.00,0,0
1599349008,lo,326.00,326.00,652.00,326,326,3.00,3.00,6.00,3,3,0.00,0.00,0,0
1599349008,s3-eth2,152366.00,6233138.00,6385504.00,6233138,152366,2059.00,4117.00,6176.00,4117,2059,0.00,0.00,0,0
1599349008,s3-eth1,6233138.00,152366.00,6385504.00,152366,6233138,4117.00,2059.00,6176.00,2059,4117,0.00,0.00,0,0
1599349008,total,19159036.00,19157596.00,38316632.00,19157596,19159036,18534.00,18534.00,37068.00,18534,18534,0.00,0.00,0,0
1599349009,s5,0.00,0.00,0.00,0,0,0.00,0.00,0.00,0,0,0.00,0.00,0,0
1599349009,s1,0.00,0.00,0.00,0,0,0.00,0.00,0.00,0,0,0.00,0.00,0,0
1599349009,eth0,0.00,0.00,0.00,0,0,0.00,0.00,0.00,0,0,0.00,0.00,0,0
1599349009,eth1,0.00,0.00,0.00,0,0,0.00,0.00,0.00,0,0,0.00,0.00,0,0
1599349009,s2,0.00,0.00,0.00,0,0,0.00,0.00,0.00,0,0,0.00,0.00,0,0
1599349009,s1-eth2,152440.00,6239194.00,6391634.00,6239194,152440,2060.00,4121.00,6181.00,4121,2060,0.00,0.00,0,0
1599349009,s1-eth1,6239194.00,152440.00,6391634.00,152440,6239194,4121.00,2060.00,6181.00,2060,4121,0.00,0.00,0,0
1599349009,s3,0.00,0.00,0.00,0,0,0.00,0.00,0.00,0,0,0.00,0.00,0,0
1599349009,s2-eth2,152440.00,6239194.00,6391634.00,6239194,152440,2060.00,4121.00,6181.00,4121,2060,0.00,0.00,0,0
1599349009,s2-eth1,6239194.00,152440.00,6391634.00,152440,6239194,4121.00,2060.00,6181.00,2060,4121,0.00,0.00,0,0
1599349009,lo,172.00,172.00,344.00,172,172,3.00,3.00,6.00,3,3,0.00,0.00,0,0
1599349009,s3-eth2,152514.00,6239194.00,6391708.00,6239194,152514,2061.00,4121.00,6182.00,4121,2061,0.00,0.00,0,0
1599349009,s3-eth1,6239194.00,152440.00,6391634.00,152440,6239194,4121.00,2060.00,6181.00,2060,4121,0.00,0.00,0,0
1599349009,total,19175148.00,19175074.00,38350224.00,19175074,19175148,18547.00,18546.00,37093.00,18546,18547,0.00,0.00,0,0
1599349010,s5,0.00,0.00,0.00,0,0,0.00,0.00,0.00,0,0,0.00,0.00,0,0
1599349010,s1,0.00,0.00,0.00,0,0,0.00,0.00,0.00,0,0,0.00,0.00,0,0
1599349010,eth0,0.00,0.00,0.00,0,0,0.00,0.00,0.00,0,0,0.00,0.00,0,0
1599349010,eth1,0.00,0.00,0.00,0,0,0.00,0.00,0.00,0,0,0.00,0.00,0,0
1599349010,s2,0.00,0.00,0.00,0,0,0.00,0.00,0.00,0,0,0.00,0.00,0,0
1599349010,s1-eth2,150664.00,6165008.00,6315672.00,6165008,150664,2036.00,4072.00,6108.00,4072,2036,0.00,0.00,0,0
1599349010,s1-eth1,6165008.00,150664.00,6315672.00,150664,6165008,4072.00,2036.00,6108.00,2036,4072,0.00,0.00,0,0
1599349010,s3,0.00,0.00,0.00,0,0,0.00,0.00,0.00,0,0,0.00,0.00,0,0
1599349010,s2-eth2,150738.00,6165008.00,6315746.00,6165008,150738,2037.00,4072.00,6109.00,4072,2037,0.00,0.00,0,0
1599349010,s2-eth1,6165008.00,150738.00,6315746.00,150738,6165008,4072.00,2037.00,6109.00,2037,4072,0.00,0.00,0,0
1599349010,lo,344.00,344.00,688.00,344,344,6.00,6.00,12.00,6,6,0.00,0.00,0,0
1599349010,s3-eth2,150664.00,6165008.00,6315672.00,6165008,150664,2036.00,4072.00,6108.00,4072,2036,0.00,0.00,0,0
1599349010,s3-eth1,6165008.00,150738.00,6315746.00,150738,6165008,4072.00,2037.00,6109.00,2037,4072,0.00,0.00,0,0
1599349010,total,18947434.00,18947508.00,37894944.00,18947508,18947434,18331.00,18332.00,36663.00,18332,18331,0.00,0.00,0,0
1599349011,s5,0.00,0.00,0.00,0,0,0.00,0.00,0.00,0,0,0.00,0.00,0,0
1599349011,s1,0.00,0.00,0.00,0,0,0.00,0.00,0.00,0,0,0.00,0.00,0,0
1599349011,eth0,0.00,0.00,0.00,0,0,0.00,0.00,0.00,0,0,0.00,0.00,0,0
1599349011,eth1,0.00,0.00,0.00,0,0,0.00,0.00,0.00,0,0,0.00,0.00,0,0
1599349011,s2,0.00,0.00,0.00,0,0,0.00,0.00,0.00,0,0,0.00,0.00,0,0
1599349011,s1-eth2,152440.00,6236166.00,6388606.00,6236166,152440,2060.00,4119.00,6179.00,4119,2060,0.00,0.00,0,0
1599349011,s1-eth1,6236166.00,152440.00,6388606.00,152440,6236166,4119.00,2060.00,6179.00,2060,4119,0.00,0.00,0,0
1599349011,s3,0.00,0.00,0.00,0,0,0.00,0.00,0.00,0,0,0.00,0.00,0,0
1599349011,s2-eth2,152366.00,6236166.00,6388532.00,6236166,152366,2059.00,4119.00,6178.00,4119,2059,0.00,0.00,0,0
1599349011,s2-eth1,6236166.00,152366.00,6388532.00,152366,6236166,4119.00,2059.00,6178.00,2059,4119,0.00,0.00,0,0
1599349011,lo,0.00,0.00,0.00,0,0,0.00,0.00,0.00,0,0,0.00,0.00,0,0
1599349011,s3-eth2,152440.00,6236166.00,6388606.00,6236166,152440,2060.00,4119.00,6179.00,4119,2060,0.00,0.00,0,0
1599349011,s3-eth1,6236166.00,152366.00,6388532.00,152366,6236166,4119.00,2059.00,6178.00,2059,4119,0.00,0.00,0,0
1599349011,total,19165744.00,19165670.00,38331416.00,19165670,19165744,18536.00,18535.00,37071.00,18535,18536,0.00,0.00,0,0
1599349012,s5,0.00,0.00,0.00,0,0,0.00,0.00,0.00,0,0,0.00,0.00,0,0
1599349012,s1,0.00,0.00,0.00,0,0,0.00,0.00,0.00,0,0,0.00,0.00,0,0
1599349012,eth0,0.00,0.00,0.00,0,0,0.00,0.00,0.00,0,0,0.00,0.00,0,0
1599349012,eth1,0.00,0.00,0.00,0,0,0.00,0.00,0.00,0,0,0.00,0.00,0,0
1599349012,s2,0.00,0.00,0.00,0,0,0.00,0.00,0.00,0,0,0.00,0.00,0,0
1599349012,s1-eth2,152366.00,6236166.00,6388532.00,6236166,152366,2059.00,4119.00,6178.00,4119,2059,0.00,0.00,0,0
1599349012,s1-eth1,6236166.00,152366.00,6388532.00,152366,6236166,4119.00,2059.00,6178.00,2059,4119,0.00,0.00,0,0
1599349012,s3,0.00,0.00,0.00,0,0,0.00,0.00,0.00,0,0,0.00,0.00,0,0
1599349012,s2-eth2,152440.00,6236166.00,6388606.00,6236166,152440,2060.00,4119.00,6179.00,4119,2060,0.00,0.00,0,0
1599349012,s2-eth1,6236166.00,152366.00,6388532.00,152366,6236166,4119.00,2059.00,6178.00,2059,4119,0.00,0.00,0,0
1599349012,lo,0.00,0.00,0.00,0,0,0.00,0.00,0.00,0,0,0.00,0.00,0,0
1599349012,s3-eth2,152708.00,6236166.00,6388874.00,6236166,152708,2060.00,4119.00,6179.00,4119,2060,0.00,0.00,0,0
1599349012,s3-eth1,6236166.00,152440.00,6388606.00,152440,6236166,4119.00,2060.00,6179.00,2060,4119,0.00,0.00,0,0
1599349012,total,19166012.00,19165670.00,38331680.00,19165670,19166012,18536.00,18535.00,37071.00,18535,18536,0.00,0.00,0,0
1599349013,s5,0.00,0.00,0.00,0,0,0.00,0.00,0.00,0,0,0.00,0.00,0,0
1599349013,s1,0.00,0.00,0.00,0,0,0.00,0.00,0.00,0,0,0.00,0.00,0,0
1599349013,eth0,0.00,0.00,0.00,0,0,0.00,0.00,0.00,0,0,0.00,0.00,0,0
1599349013,eth1,0.00,0.00,0.00,0,0,0.00,0.00,0.00,0,0,0.00,0.00,0,0
1599349013,s2,0.00,0.00,0.00,0,0,0.00,0.00,0.00,0,0,0.00,0.00,0,0
1599349013,s1-eth2,151108.00,6183176.00,6334284.00,6183176,151108,2042.00,4084.00,6126.00,4084,2042,0.00,0.00,0,0
1599349013,s1-eth1,6183518.00,151108.00,6334626.00,151108,6183518,4085.00,2042.00,6127.00,2042,4085,0.00,0.00,0,0
1599349013,s3,0.00,0.00,0.00,0,0,0.00,0.00,0.00,0,0,0.00,0.00,0,0
1599349013,s2-eth2,151034.00,6183176.00,6334210.00,6183176,151034,2041.00,4084.00,6125.00,4084,2041,0.00,0.00,0,0
1599349013,s2-eth1,6183176.00,151108.00,6334284.00,151108,6183176,4084.00,2042.00,6126.00,2042,4084,0.00,0.00,0,0
1599349013,lo,172.00,172.00,344.00,172,172,3.00,3.00,6.00,3,3,0.00,0.00,0,0
1599349013,s3-eth2,151108.00,6183176.00,6334284.00,6183176,151108,2042.00,4084.00,6126.00,4084,2042,0.00,0.00,0,0
1599349013,s3-eth1,6183176.00,151034.00,6334210.00,151034,6183176,4084.00,2041.00,6125.00,2041,4084,0.00,0.00,0,0
1599349013,total,19003292.00,19002950.00,38006240.00,19002950,19003292,18381.00,18380.00,36761.00,18380,18381,0.00,0.00,0,0
1599349014,s5,0.00,0.00,0.00,0,0,0.00,0.00,0.00,0,0,0.00,0.00,0,0
1599349014,s1,0.00,0.00,0.00,0,0,0.00,0.00,0.00,0,0,0.00,0.00,0,0
1599349014,eth0,0.00,0.00,0.00,0,0,0.00,0.00,0.00,0,0,0.00,0.00,0,0
1599349014,eth1,0.00,0.00,0.00,0,0,0.00,0.00,0.00,0,0,0.00,0.00,0,0
1599349014,s2,0.00,0.00,0.00,0,0,0.00,0.00,0.00,0,0,0.00,0.00,0,0
1599349014,s1-eth2,148000.00,6052972.00,6200972.00,6052972,148000,2000.00,3998.00,5998.00,3998,2000,0.00,0.00,0,0
1599349014,s1-eth1,6054486.00,148000.00,6202486.00,148000,6054486,3999.00,2000.00,5999.00,2000,3999,0.00,0.00,0,0
1599349014,s3,0.00,342.00,342.00,342,0,0.00,1.00,1.00,1,0,0.00,0.00,0,0
1599349014,s2-eth2,148416.00,6048430.00,6196846.00,6048430,148416,2002.00,3995.00,5997.00,3995,2002,0.00,0.00,0,0
1599349014,s2-eth1,6052972.00,148000.00,6200972.00,148000,6052972,3998.00,2000.00,5998.00,2000,3998,0.00,0.00,0,0
1599349014,lo,498.00,498.00,996.00,498,498,6.00,6.00,12.00,6,6,0.00,0.00,0,0
1599349014,s3-eth2,148416.00,6046916.00,6195332.00,6046916,148416,2002.00,3994.00,5996.00,3994,2002,0.00,0.00,0,0
1599349014,s3-eth1,6048430.00,148416.00,6196846.00,148416,6048430,3995.00,2002.00,5997.00,2002,3995,0.00,0.00,0,0
1599349014,total,18601218.00,18593574.00,37194792.00,18593574,18601218,18002.00,17996.00,35998.00,17996,18002,0.00,0.00,0,0
1599349015,s5,0.00,0.00,0.00,0,0,0.00,0.00,0.00,0,0,0.00,0.00,0,0
1599349015,s1,0.00,0.00,0.00,0,0,0.00,0.00,0.00,0,0,0.00,0.00,0,0
1599349015,eth0,0.00,0.00,0.00,0,0,0.00,0.00,0.00,0,0,0.00,0.00,0,0
1599349015,eth1,0.00,0.00,0.00,0,0,0.00,0.00,0.00,0,0,0.00,0.00,0,0
1599349015,s2,0.00,0.00,0.00,0,0,0.00,0.00,0.00,0,0,0.00,0.00,0,0
1599349015,s1-eth2,150072.00,6142298.00,6292370.00,6142298,150072,2028.00,4057.00,6085.00,4057,2028,0.00,0.00,0,0
1599349015,s1-eth1,6142298.00,150072.00,6292370.00,150072,6142298,4057.00,2028.00,6085.00,2028,4057,0.00,0.00,0,0
1599349015,s3,0.00,0.00,0.00,0,0,0.00,0.00,0.00,0,0,0.00,0.00,0,0
1599349015,s2-eth2,150072.00,6143812.00,6293884.00,6143812,150072,2028.00,4058.00,6086.00,4058,2028,0.00,0.00,0,0
1599349015,s2-eth1,6142298.00,150072.00,6292370.00,150072,6142298,4057.00,2028.00,6085.00,2028,4057,0.00,0.00,0,0
1599349015,lo,172.00,172.00,344.00,172,172,3.00,3.00,6.00,3,3,0.00,0.00,0,0
1599349015,s3-eth2,149998.00,6143812.00,6293810.00,6143812,149998,2027.00,4058.00,6085.00,4058,2027,0.00,0.00,0,0
1599349015,s3-eth1,6143812.00,150072.00,6293884.00,150072,6143812,4058.00,2028.00,6086.00,2028,4058,0.00,0.00,0,0
1599349015,total,18878722.00,18880310.00,37759032.00,18880310,18878722,18258.00,18260.00,36518.00,18260,18258,0.00,0.00,0,0
1599349016,s5,0.00,0.00,0.00,0,0,0.00,0.00,0.00,0,0,0.00,0.00,0,0
1599349016,s1,0.00,0.00,0.00,0,0,0.00,0.00,0.00,0,0,0.00,0.00,0,0
1599349016,eth0,0.00,0.00,0.00,0,0,0.00,0.00,0.00,0,0,0.00,0.00,0,0
1599349016,eth1,0.00,0.00,0.00,0,0,0.00,0.00,0.00,0,0,0.00,0.00,0,0
1599349016,s2,0.00,0.00,0.00,0,0,0.00,0.00,0.00,0,0,0.00,0.00,0,0
1599349016,s1-eth2,152440.00,6239194.00,6391634.00,6239194,152440,2060.00,4121.00,6181.00,4121,2060,0.00,0.00,0,0
1599349016,s1-eth1,6237680.00,152440.00,6390120.00,152440,6237680,4120.00,2060.00,6180.00,2060,4120,0.00,0.00,0,0
1599349016,s3,0.00,0.00,0.00,0,0,0.00,0.00,0.00,0,0,0.00,0.00,0,0
1599349016,s2-eth2,152440.00,6239194.00,6391634.00,6239194,152440,2060.00,4121.00,6181.00,4121,2060,0.00,0.00,0,0
1599349016,s2-eth1,6239194.00,152440.00,6391634.00,152440,6239194,4121.00,2060.00,6181.00,2060,4121,0.00,0.00,0,0
1599349016,lo,0.00,0.00,0.00,0,0,0.00,0.00,0.00,0,0,0.00,0.00,0,0
1599349016,s3-eth2,152440.00,6239194.00,6391634.00,6239194,152440,2060.00,4121.00,6181.00,4121,2060,0.00,0.00,0,0
1599349016,s3-eth1,6239194.00,152440.00,6391634.00,152440,6239194,4121.00,2060.00,6181.00,2060,4121,0.00,0.00,0,0
1599349016,total,19173388.00,19174902.00,38348288.00,19174902,19173388,18542.00,18543.00,37085.00,18543,18542,0.00,0.00,0,0
1599349017,s5,0.00,0.00,0.00,0,0,0.00,0.00,0.00,0,0,0.00,0.00,0,0
1599349017,s1,0.00,904.00,904.00,904,0,0.00,4.00,4.00,4,0,0.00,0.00,0,0
1599349017,eth0,1672.00,4010.00,5682.00,4010,1672,22.00,22.00,44.00,22,22,0.00,0.00,0,0
1599349017,eth1,0.00,0.00,0.00,0,0,0.00,0.00,0.00,0,0,0.00,0.00,0,0
1599349017,s2,0.00,904.00,904.00,904,0,0.00,4.00,4.00,4,0,0.00,0.00,0,0
1599349017,s1-eth2,138166.00,5632984.00,5771150.00,5632984,138166,1863.00,3724.00,5587.00,3724,1863,0.00,0.00,0,0
1599349017,s1-eth1,5635138.00,137640.00,5772778.00,137640,5635138,3729.00,1860.00,5589.00,1860,3729,0.00,0.00,0,0
1599349017,s3,0.00,1014.00,1014.00,1014,0,0.00,5.00,5.00,5,0,0.00,0.00,0,0
1599349017,s2-eth2,138654.00,5632532.00,5771186.00,5632532,138654,1865.00,3722.00,5587.00,3722,1865,0.00,0.00,0,0
1599349017,s2-eth1,5632984.00,138166.00,5771150.00,138166,5632984,3724.00,1863.00,5587.00,1863,3724,0.00,0.00,0,0
1599349017,lo,8590.00,8590.00,17180.00,8590,8590,78.00,78.00,156.00,78,78,0.00,0.00,0,0
1599349017,s3-eth2,139216.00,5633594.00,5772810.00,5633594,139216,1868.00,3721.00,5589.00,3721,1868,0.00,0.00,0,0
1599349017,s3-eth1,5632532.00,138654.00,5771186.00,138654,5632532,3722.00,1865.00,5587.00,1865,3722,0.00,0.00,0,0
1599349017,total,17326952.00,17328992.00,34655944.00,17328992,17326952,16871.00,16868.00,33739.00,16868,16871,0.00,0.00,0,0
1599349018,s5,0.00,0.00,0.00,0,0,0.00,0.00,0.00,0,0,0.00,0.00,0,0
1599349018,s1,0.00,376.00,376.00,376,0,0.00,4.00,4.00,4,0,0.00,0.00,0,0
1599349018,eth0,152.00,357.00,509.00,357,152,2.00,2.00,4.00,2,2,0.00,0.00,0,0
1599349018,eth1,0.00,0.00,0.00,0,0,0.00,0.00,0.00,0,0,0.00,0.00,0,0
1599349018,s2,0.00,376.00,376.00,376,0,0.00,4.00,4.00,4,0,0.00,0.00,0,0
1599349018,s1-eth2,152036.00,6216860.00,6368896.00,6216860,152036,2054.00,4110.00,6164.00,4110,2054,0.00,0.00,0,0
1599349018,s1-eth1,6216235.00,151922.00,6368157.00,151922,6216235,4115.00,2053.00,6168.00,2053,4115,0.00,0.00,0,0
1599349018,s3,0.00,266.00,266.00,266,0,0.00,3.00,3.00,3,0,0.00,0.00,0,0
1599349018,s2-eth2,152188.00,6216672.00,6368860.00,6216672,152188,2056.00,4108.00,6164.00,4108,2056,0.00,0.00,0,0
1599349018,s2-eth1,6216860.00,152036.00,6368896.00,152036,6216860,4110.00,2054.00,6164.00,2054,4110,0.00,0.00,0,0
1599349018,lo,3649.00,3649.00,7298.00,3649,3649,37.00,37.00,74.00,37,37,0.00,0.00,0,0
1599349018,s3-eth2,152266.00,6216484.00,6368750.00,6216484,152266,2057.00,4106.00,6163.00,4106,2057,0.00,0.00,0,0
1599349018,s3-eth1,6216672.00,152188.00,6368860.00,152188,6216672,4108.00,2056.00,6164.00,2056,4108,0.00,0.00,0,0
1599349018,total,19110058.00,19111186.00,38221244.00,19111186,19110058,18539.00,18537.00,37076.00,18537,18539,0.00,0.00,0,0
1599349019,s5,0.00,0.00,0.00,0,0,0.00,0.00,0.00,0,0,0.00,0.00,0,0
1599349019,s1,0.00,1868.00,1868.00,1868,0,0.00,13.00,13.00,13,0,0.00,0.00,0,0
1599349019,eth0,608.00,1428.00,2036.00,1428,608,8.00,8.00,16.00,8,8,0.00,0.00,0,0
1599349019,eth1,0.00,0.00,0.00,0,0,0.00,0.00,0.00,0,0,0.00,0.00,0,0
1599349019,s2,0.00,2413.00,2413.00,2413,0,0.00,16.00,16.00,16,0,0.00,0.00,0,0
1599349019,s1-eth2,149952.00,6076036.00,6225988.00,6076036,149952,2016.00,4025.00,6041.00,4025,2016,0.00,0.00,0,0
1599349019,s1-eth1,6077547.00,148444.00,6225991.00,148444,6077547,4032.00,2006.00,6038.00,2006,4032,0.00,0.00,0,0
1599349019,s3,0.00,3013.00,3013.00,3013,0,0.00,17.00,17.00,17,0,0.00,0.00,0,0
1599349019,s2-eth2,151457.00,6076661.00,6228118.00,6076661,151457,2023.00,4020.00,6043.00,4020,2023,0.00,0.00,0,0
1599349019,s2-eth1,6076036.00,149952.00,6225988.00,149952,6076036,4025.00,2016.00,6041.00,2016,4025,0.00,0.00,0,0
1599349019,lo,15290.00,15290.00,30580.00,15290,15290,146.00,146.00,292.00,146,146,0.00,0.00,0,0
1599349019,s3-eth2,153563.00,6074168.00,6227731.00,6074168,153563,2034.00,4012.00,6046.00,4012,2034,0.00,0.00,0,0
1599349019,s3-eth1,6076661.00,151457.00,6228118.00,151457,6076661,4020.00,2023.00,6043.00,2023,4020,0.00,0.00,0,0
1599349019,total,18701114.00,18700730.00,37401844.00,18700730,18701114,18304.00,18302.00,36606.00,18302,18304,0.00,0.00,0,0
1599349020,s5,0.00,0.00,0.00,0,0,0.00,0.00,0.00,0,0,0.00,0.00,0,0
1599349020,s1,0.00,3616.00,3616.00,3616,0,0.00,15.00,15.00,15,0,0.00,0.00,0,0
1599349020,eth0,152.00,357.00,509.00,357,152,2.00,2.00,4.00,2,2,0.00,0.00,0,0
1599349020,eth1,0.00,0.00,0.00,0,0,0.00,0.00,0.00,0,0,0.00,0.00,0,0
1599349020,s2,0.00,3071.00,3071.00,3071,0,0.00,12.00,12.00,12,0,0.00,0.00,0,0
1599349020,s1-eth2,152120.00,6171652.00,6323772.00,6171652,152120,2043.00,4089.00,6132.00,4089,2043,0.00,0.00,0,0
1599349020,s1-eth1,6173835.00,150812.00,6324647.00,150812,6173835,4092.00,2038.00,6130.00,2038,4092,0.00,0.00,0,0
1599349020,s3,0.00,2129.00,2129.00,2129,0,0.00,10.00,10.00,10,0,0.00,0.00,0,0
1599349020,s2-eth2,153015.00,6171313.00,6324328.00,6171313,153015,2049.00,4082.00,6131.00,4082,2049,0.00,0.00,0,0
1599349020,s2-eth1,6173166.00,152120.00,6325286.00,152120,6173166,4090.00,2043.00,6133.00,2043,4090,0.00,0.00,0,0
1599349020,lo,12137.00,12137.00,24274.00,12137,12137,113.00,113.00,226.00,113,113,0.00,0.00,0,0
1599349020,s3-eth2,153651.00,6174092.00,6327743.00,6174092,153651,2052.00,4078.00,6130.00,4078,2052,0.00,0.00,0,0
1599349020,s3-eth1,6171313.00,153015.00,6324328.00,153015,6171313,4082.00,2049.00,6131.00,2049,4082,0.00,0.00,0,0
1599349020,total,18989388.00,18994314.00,37983704.00,18994314,18989389,18523.00,18531.00,37054.00,18531,18523,0.00,0.00,0,0
1599349021,s5,0.00,0.00,0.00,0,0,0.00,0.00,0.00,0,0,0.00,0.00,0,0
1599349021,s1,0.00,654.00,654.00,654,0,0.00,2.00,2.00,2,0,0.00,0.00,0,0
1599349021,eth0,0.00,0.00,0.00,0,0,0.00,0.00,0.00,0,0,0.00,0.00,0,0
1599349021,eth1,0.00,0.00,0.00,0,0,0.00,0.00,0.00,0,0,0.00,0.00,0,0
1599349021,s2,0.00,654.00,654.00,654,0,0.00,2.00,2.00,2,0,0.00,0.00,0,0
1599349021,s1-eth2,152619.00,6235306.00,6387925.00,6235306,152619,2059.00,4120.00,6179.00,4120,2059,0.00,0.00,0,0
1599349021,s1-eth1,6235413.00,152366.00,6387779.00,152366,6235413,4121.00,2059.00,6180.00,2059,4121,0.00,0.00,0,0
1599349021,s3,0.00,996.00,996.00,996,0,0.00,3.00,3.00,3,0,0.00,0.00,0,0
1599349021,s2-eth2,153214.00,6234979.00,6388193.00,6234979,153214,2060.00,4119.00,6179.00,4119,2060,0.00,0.00,0,0
1599349021,s2-eth1,6235306.00,152619.00,6387925.00,152619,6235306,4120.00,2059.00,6179.00,2059,4120,0.00,0.00,0,0
1599349021,lo,2334.00,2334.00,4668.00,2334,2334,22.00,22.00,44.00,22,22,0.00,0.00,0,0
1599349021,s3-eth2,153615.00,6234652.00,6388267.00,6234652,153615,2062.00,4118.00,6180.00,4118,2062,0.00,0.00,0,0
1599349021,s3-eth1,6234979.00,153214.00,6388193.00,153214,6234979,4119.00,2060.00,6179.00,2060,4119,0.00,0.00,0,0
1599349021,total,19167480.00,19167774.00,38335256.00,19167774,19167480,18563.00,18564.00,37127.00,18564,18563,0.00,0.00,0,0
1599349022,s5,0.00,0.00,0.00,0,0,0.00,0.00,0.00,0,0,0.00,0.00,0,0
1599349022,s1,0.00,214.00,214.00,214,0,0.00,2.00,2.00,2,0,0.00,0.00,0,0
1599349022,eth0,60.00,60.00,120.00,60,60,1.00,1.00,2.00,1,1,0.00,0.00,0,0
1599349022,eth1,0.00,0.00,0.00,0,0,0.00,0.00,0.00,0,0,0.00,0.00,0,0
1599349022,s2,0.00,481.00,481.00,481,0,0.00,3.00,3.00,3,0,0.00,0.00,0,0
1599349022,s1-eth2,150816.00,6157652.00,6308468.00,6157652,150816,2035.00,4069.00,6104.00,4069,2035,0.00,0.00,0,0
1599349022,s1-eth1,6156802.00,150442.00,6307244.00,150442,6156802,4071.00,2033.00,6104.00,2033,4071,0.00,0.00,0,0
1599349022,s3,0.00,748.00,748.00,748,0,0.00,4.00,4.00,4,0,0.00,0.00,0,0
1599349022,s2-eth2,151190.00,6156031.00,6307221.00,6156031,151190,2037.00,4067.00,6104.00,4067,2037,0.00,0.00,0,0
1599349022,s2-eth1,6156138.00,150816.00,6306954.00,150816,6156138,4068.00,2035.00,6103.00,2035,4068,0.00,0.00,0,0
1599349022,lo,2808.00,2808.00,5616.00,2808,2808,27.00,27.00,54.00,27,27,0.00,0.00,0,0
1599349022,s3-eth2,151564.00,6158952.00,6310516.00,6158952,151564,2039.00,4068.00,6107.00,4068,2039,0.00,0.00,0,0
1599349022,s3-eth1,6157545.00,151264.00,6308809.00,151264,6157545,4068.00,2038.00,6106.00,2038,4068,0.00,0.00,0,0
1599349022,total,18926924.00,18929468.00,37856392.00,18929468,18926923,18346.00,18347.00,36693.00,18347,18346,0.00,0.00,0,0
1599349023,s5,0.00,0.00,0.00,0,0,0.00,0.00,0.00,0,0,0.00,0.00,0,0
1599349023,s1,0.00,1328.00,1328.00,1328,0,0.00,6.00,6.00,6,0,0.00,0.00,0,0
1599349023,eth0,0.00,0.00,0.00,0,0,0.00,0.00,0.00,0,0,0.00,0.00,0,0
1599349023,eth1,0.00,0.00,0.00,0,0,0.00,0.00,0.00,0,0,0.00,0.00,0,0
1599349023,s2,0.00,1061.00,1061.00,1061,0,0.00,5.00,5.00,5,0,0.00,0.00,0,0
1599349023,s1-eth2,152393.00,6222354.00,6374747.00,6222354,152393,2056.00,4115.00,6171.00,4115,2056,0.00,0.00,0,0
1599349023,s1-eth1,6222354.00,151996.00,6374350.00,151996,6222354,4115.00,2054.00,6169.00,2054,4115,0.00,0.00,0,0
1599349023,s3,0.00,794.00,794.00,794,0,0.00,4.00,4.00,4,0,0.00,0.00,0,0
1599349023,s2-eth2,152864.00,6221690.00,6374554.00,6221690,152864,2059.00,4112.00,6171.00,4112,2059,0.00,0.00,0,0
1599349023,s2-eth1,6222354.00,152393.00,6374747.00,152393,6222354,4115.00,2056.00,6171.00,2056,4115,0.00,0.00,0,0
1599349023,lo,4542.00,4542.00,9084.00,4542,4542,45.00,45.00,90.00,45,45,0.00,0.00,0,0
1599349023,s3-eth2,153529.00,6221026.00,6374555.00,6221026,153529,2061.00,4109.00,6170.00,4109,2061,0.00,0.00,0,0
1599349023,s3-eth1,6220176.00,152790.00,6372966.00,152790,6220176,4111.00,2058.00,6169.00,2058,4111,0.00,0.00,0,0
1599349023,total,19128212.00,19129974.00,38258184.00,19129974,19128212,18562.00,18564.00,37126.00,18564,18562,0.00,0.00,0,0
1599349024,s5,0.00,0.00,0.00,0,0,0.00,0.00,0.00,0,0,0.00,0.00,0,0
1599349024,s1,0.00,0.00,0.00,0,0,0.00,0.00,0.00,0,0,0.00,0.00,0,0
1599349024,eth0,0.00,0.00,0.00,0,0,0.00,0.00,0.00,0,0,0.00,0.00,0,0
1599349024,eth1,0.00,0.00,0.00,0,0,0.00,0.00,0.00,0,0,0.00,0.00,0,0
1599349024,s2,0.00,0.00,0.00,0,0,0.00,0.00,0.00,0,0,0.00,0.00,0,0
1599349024,s1-eth2,152514.00,6240708.00,6393222.00,6240708,152514,2061.00,4122.00,6183.00,4122,2061,0.00,0.00,0,0
1599349024,s1-eth1,6240708.00,152514.00,6393222.00,152514,6240708,4122.00,2061.00,6183.00,2061,4122,0.00,0.00,0,0
1599349024,s3,0.00,0.00,0.00,0,0,0.00,0.00,0.00,0,0,0.00,0.00,0,0
1599349024,s2-eth2,152514.00,6240708.00,6393222.00,6240708,152514,2061.00,4122.00,6183.00,4122,2061,0.00,0.00,0,0
1599349024,s2-eth1,6240708.00,152514.00,6393222.00,152514,6240708,4122.00,2061.00,6183.00,2061,4122,0.00,0.00,0,0
1599349024,lo,172.00,172.00,344.00,172,172,3.00,3.00,6.00,3,3,0.00,0.00,0,0
1599349024,s3-eth2,152514.00,6240708.00,6393222.00,6240708,152514,2061.00,4122.00,6183.00,4122,2061,0.00,0.00,0,0
1599349024,s3-eth1,6240708.00,152514.00,6393222.00,152514,6240708,4122.00,2061.00,6183.00,2061,4122,0.00,0.00,0,0
1599349024,total,19179838.00,19179838.00,38359676.00,19179838,19179838,18552.00,18552.00,37104.00,18552,18552,0.00,0.00,0,0
1599349025,s5,0.00,0.00,0.00,0,0,0.00,0.00,0.00,0,0,0.00,0.00,0,0
1599349025,s1,0.00,684.00,684.00,684,0,0.00,2.00,2.00,2,0,0.00,0.00,0,0
1599349025,eth0,0.00,0.00,0.00,0,0,0.00,0.00,0.00,0,0,0.00,0.00,0,0
1599349025,eth1,0.00,0.00,0.00,0,0,0.00,0.00,0.00,0,0,0.00,0.00,0,0
1599349025,s2,0.00,342.00,342.00,342,0,0.00,1.00,1.00,1,0,0.00,0.00,0,0
1599349025,s1-eth2,150960.00,6176290.00,6327250.00,6176290,150960,2040.00,4081.00,6121.00,4081,2040,0.00,0.00,0,0
1599349025,s1-eth1,6176397.00,150960.00,6327357.00,150960,6176397,4082.00,2040.00,6122.00,2040,4082,0.00,0.00,0,0
1599349025,s3,0.00,342.00,342.00,342,0,0.00,1.00,1.00,1,0,0.00,0.00,0,0
1599349025,s2-eth2,151228.00,6177462.00,6328690.00,6177462,151228,2040.00,4081.00,6121.00,4081,2040,0.00,0.00,0,0
1599349025,s2-eth1,6176290.00,150960.00,6327250.00,150960,6176290,4081.00,2040.00,6121.00,2040,4081,0.00,0.00,0,0
1599349025,lo,1304.00,1304.00,2608.00,1304,1304,12.00,12.00,24.00,12,12,0.00,0.00,0,0
1599349025,s3-eth2,151228.00,6177120.00,6328348.00,6177120,151228,2040.00,4080.00,6120.00,4080,2040,0.00,0.00,0,0
1599349025,s3-eth1,6177462.00,151228.00,6328690.00,151228,6177462,4081.00,2040.00,6121.00,2040,4081,0.00,0.00,0,0
1599349025,total,18984868.00,18986692.00,37971560.00,18986692,18984869,18376.00,18378.00,36754.00,18378,18376,0.00,0.00,0,0
1599349026,s5,0.00,0.00,0.00,0,0,0.00,0.00,0.00,0,0,0.00,0.00,0,0
1599349026,s1,0.00,214.00,214.00,214,0,0.00,2.00,2.00,2,0,0.00,0.00,0,0
1599349026,eth0,0.00,0.00,0.00,0,0,0.00,0.00,0.00,0,0,0.00,0.00,0,0
1599349026,eth1,0.00,0.00,0.00,0,0,0.00,0.00,0.00,0,0,0.00,0.00,0,0
1599349026,s2,0.00,556.00,556.00,556,0,0.00,3.00,3.00,3,0,0.00,0.00,0,0
1599349026,s1-eth2,152741.00,6230324.00,6383065.00,6230324,152741,2060.00,4117.00,6177.00,4117,2060,0.00,0.00,0,0
1599349026,s1-eth1,6230394.00,152218.00,6382612.00,152218,6230394,4118.00,2057.00,6175.00,2057,4118,0.00,0.00,0,0
1599349026,s3,0.00,556.00,556.00,556,0,0.00,3.00,3.00,3,0,0.00,0.00,0,0
1599349026,s2-eth2,152848.00,6230217.00,6383065.00,6230217,152848,2061.00,4116.00,6177.00,4116,2061,0.00,0.00,0,0
1599349026,s2-eth1,6230324.00,152741.00,6383065.00,152741,6230324,4117.00,2060.00,6177.00,2060,4117,0.00,0.00,0,0
1599349026,lo,2482.00,2482.00,4964.00,2482,2482,24.00,24.00,48.00,24,24,0.00,0.00,0,0
1599349026,s3-eth2,152955.00,6230110.00,6383065.00,6230110,152955,2062.00,4115.00,6177.00,4115,2062,0.00,0.00,0,0
1599349026,s3-eth1,6230217.00,152848.00,6383065.00,152848,6230217,4116.00,2061.00,6177.00,2061,4116,0.00,0.00,0,0
1599349026,total,19151960.00,19152266.00,38304228.00,19152266,19151961,18558.00,18558.00,37116.00,18558,18558,0.00,0.00,0,0
1599349027,s5,0.00,0.00,0.00,0,0,0.00,0.00,0.00,0,0,0.00,0.00,0,0
1599349027,s1,0.00,140.00,140.00,140,0,0.00,2.00,2.00,2,0,0.00,0.00,0,0
1599349027,eth0,0.00,0.00,0.00,0,0,0.00,0.00,0.00,0,0,0.00,0.00,0,0
1599349027,eth1,0.00,0.00,0.00,0,0,0.00,0.00,0.00,0,0,0.00,0.00,0,0
1599349027,s2,0.00,140.00,140.00,140,0,0.00,2.00,2.00,2,0,0.00,0.00,0,0
1599349027,s1-eth2,152362.00,6231764.00,6384126.00,6231764,152362,2059.00,4118.00,6177.00,4118,2059,0.00,0.00,0,0
1599349027,s1-eth1,6231764.00,152292.00,6384056.00,152292,6231764,4118.00,2058.00,6176.00,2058,4118,0.00,0.00,0,0
1599349027,s3,0.00,140.00,140.00,140,0,0.00,2.00,2.00,2,0,0.00,0.00,0,0
1599349027,s2-eth2,152432.00,6231694.00,6384126.00,6231694,152432,2060.00,4117.00,6177.00,4117,2060,0.00,0.00,0,0
1599349027,s2-eth1,6231764.00,152362.00,6384126.00,152362,6231764,4118.00,2059.00,6177.00,2059,4118,0.00,0.00,0,0
1599349027,lo,1608.00,1608.00,3216.00,1608,1608,18.00,18.00,36.00,18,18,0.00,0.00,0,0
1599349027,s3-eth2,152844.00,6231624.00,6384468.00,6231624,152844,2062.00,4116.00,6178.00,4116,2062,0.00,0.00,0,0
1599349027,s3-eth1,6231694.00,152432.00,6384126.00,152432,6231694,4117.00,2060.00,6177.00,2060,4117,0.00,0.00,0,0
1599349027,total,19154468.00,19154196.00,38308664.00,19154196,19154468,18552.00,18552.00,37104.00,18552,18552,0.00,0.00,0,0
1599349028,s5,0.00,0.00,0.00,0,0,0.00,0.00,0.00,0,0,0.00,0.00,0,0
1599349028,s1,0.00,0.00,0.00,0,0,0.00,0.00,0.00,0,0,0.00,0.00,0,0
1599349028,eth0,0.00,0.00,0.00,0,0,0.00,0.00,0.00,0,0,0.00,0.00,0,0
1599349028,eth1,0.00,0.00,0.00,0,0,0.00,0.00,0.00,0,0,0.00,0.00,0,0
1599349028,s2,0.00,0.00,0.00,0,0,0.00,0.00,0.00,0,0,0.00,0.00,0,0
1599349028,s1-eth2,151182.00,6189232.00,6340414.00,6189232,151182,2043.00,4088.00,6131.00,4088,2043,0.00,0.00,0,0
1599349028,s1-eth1,6188060.00,151182.00,6339242.00,151182,6188060,4088.00,2043.00,6131.00,2043,4088,0.00,0.00,0,0
1599349028,s3,0.00,0.00,0.00,0,0,0.00,0.00,0.00,0,0,0.00,0.00,0,0
1599349028,s2-eth2,151182.00,6189232.00,6340414.00,6189232,151182,2043.00,4088.00,6131.00,4088,2043,0.00,0.00,0,0
1599349028,s2-eth1,6189232.00,151182.00,6340414.00,151182,6189232,4088.00,2043.00,6131.00,2043,4088,0.00,0.00,0,0
1599349028,lo,0.00,0.00,0.00,0,0,0.00,0.00,0.00,0,0,0.00,0.00,0,0
1599349028,s3-eth2,151182.00,6189232.00,6340414.00,6189232,151182,2043.00,4088.00,6131.00,4088,2043,0.00,0.00,0,0
1599349028,s3-eth1,6189232.00,151182.00,6340414.00,151182,6189232,4088.00,2043.00,6131.00,2043,4088,0.00,0.00,0,0
1599349028,total,19020070.00,19021242.00,38041312.00,19021242,19020070,18393.00,18393.00,36786.00,18393,18393,0.00,0.00,0,0
1599349029,s5,0.00,0.00,0.00,0,0,0.00,0.00,0.00,0,0,0.00,0.00,0,0
1599349029,s1,0.00,0.00,0.00,0,0,0.00,0.00,0.00,0,0,0.00,0.00,0,0
1599349029,eth0,0.00,0.00,0.00,0,0,0.00,0.00,0.00,0,0,0.00,0.00,0,0
1599349029,eth1,0.00,0.00,0.00,0,0,0.00,0.00,0.00,0,0,0.00,0.00,0,0
1599349029,s2,0.00,0.00,0.00,0,0,0.00,0.00,0.00,0,0,0.00,0.00,0,0
1599349029,s1-eth2,152218.00,6227082.00,6379300.00,6227082,152218,2057.00,4113.00,6170.00,4113,2057,0.00,0.00,0,0
1599349029,s1-eth1,6227082.00,152218.00,6379300.00,152218,6227082,4113.00,2057.00,6170.00,2057,4113,0.00,0.00,0,0
1599349029,s3,0.00,0.00,0.00,0,0,0.00,0.00,0.00,0,0,0.00,0.00,0,0
1599349029,s2-eth2,152218.00,6227082.00,6379300.00,6227082,152218,2057.00,4113.00,6170.00,4113,2057,0.00,0.00,0,0
1599349029,s2-eth1,6227082.00,152218.00,6379300.00,152218,6227082,4113.00,2057.00,6170.00,2057,4113,0.00,0.00,0,0
1599349029,lo,172.00,172.00,344.00,172,172,3.00,3.00,6.00,3,3,0.00,0.00,0,0
1599349029,s3-eth2,152218.00,6227082.00,6379300.00,6227082,152218,2057.00,4113.00,6170.00,4113,2057,0.00,0.00,0,0
1599349029,s3-eth1,6227082.00,152218.00,6379300.00,152218,6227082,4113.00,2057.00,6170.00,2057,4113,0.00,0.00,0,0
1599349029,total,19138072.00,19138072.00,38276144.00,19138072,19138072,18513.00,18513.00,37026.00,18513,18513,0.00,0.00,0,0
1599349030,s5,0.00,0.00,0.00,0,0,0.00,0.00,0.00,0,0,0.00,0.00,0,0
1599349030,s1,0.00,0.00,0.00,0,0,0.00,0.00,0.00,0,0,0.00,0.00,0,0
1599349030,eth0,0.00,0.00,0.00,0,0,0.00,0.00,0.00,0,0,0.00,0.00,0,0
1599349030,eth1,0.00,0.00,0.00,0,0,0.00,0.00,0.00,0,0,0.00,0.00,0,0
1599349030,s2,0.00,0.00,0.00,0,0,0.00,0.00,0.00,0,0,0.00,0.00,0,0
1599349030,s1-eth2,58176.00,2185954.00,2244130.00,2185954,58176,786.00,1447.00,2233.00,1447,786,0.00,0.00,0,0
1599349030,s1-eth1,2251056.00,56696.00,2307752.00,56696,2251056,1490.00,766.00,2256.00,766,1490,0.00,0.00,0,0
1599349030,s3,0.00,0.00,0.00,0,0,0.00,0.00,0.00,0,0,0.00,0.00,0,0
1599349030,s2-eth2,59730.00,2119338.00,2179068.00,2119338,59730,807.00,1403.00,2210.00,1403,807,0.00,0.00,0,0
1599349030,s2-eth1,2185954.00,58176.00,2244130.00,58176,2185954,1447.00,786.00,2233.00,786,1447,0.00,0.00,0,0
1599349030,lo,0.00,0.00,0.00,0,0,0.00,0.00,0.00,0,0,0.00,0.00,0,0
1599349030,s3-eth2,61284.00,2048180.00,2109464.00,2048180,61284,828.00,1356.00,2184.00,1356,828,0.00,0.00,0,0
1599349030,s3-eth1,2119338.00,59730.00,2179068.00,59730,2119338,1403.00,807.00,2210.00,807,1403,0.00,0.00,0,0
1599349030,total,6735538.00,6528074.00,13263612.00,6528074,6735538,6761.00,6565.00,13326.00,6565,6761,0.00,0.00,0,0
1599349031,s5,0.00,0.00,0.00,0,0,0.00,0.00,0.00,0,0,0.00,0.00,0,0
1599349031,s1,0.00,0.00,0.00,0,0,0.00,0.00,0.00,0,0,0.00,0.00,0,0
1599349031,eth0,0.00,0.00,0.00,0,0,0.00,0.00,0.00,0,0,0.00,0.00,0,0
1599349031,eth1,0.00,0.00,0.00,0,0,0.00,0.00,0.00,0,0,0.00,0.00,0,0
1599349031,s2,0.00,0.00,0.00,0,0,0.00,0.00,0.00,0,0,0.00,0.00,0,0
1599349031,s1-eth2,42.00,42.00,84.00,42,42,1.00,1.00,2.00,1,1,0.00,0.00,0,0
1599349031,s1-eth1,42.00,42.00,84.00,42,42,1.00,1.00,2.00,1,1,0.00,0.00,0,0
1599349031,s3,0.00,0.00,0.00,0,0,0.00,0.00,0.00,0,0,0.00,0.00,0,0
1599349031,s2-eth2,42.00,42.00,84.00,42,42,1.00,1.00,2.00,1,1,0.00,0.00,0,0
1599349031,s2-eth1,42.00,42.00,84.00,42,42,1.00,1.00,2.00,1,1,0.00,0.00,0,0
1599349031,lo,172.00,172.00,344.00,172,172,3.00,3.00,6.00,3,3,0.00,0.00,0,0
1599349031,s3-eth2,42.00,42.00,84.00,42,42,1.00,1.00,2.00,1,1,0.00,0.00,0,0
1599349031,s3-eth1,42.00,42.00,84.00,42,42,1.00,1.00,2.00,1,1,0.00,0.00,0,0
1599349031,total,424.00,424.00,848.00,424,424,9.00,9.00,18.00,9,9,0.00,0.00,0,0
1599349032,s5,0.00,0.00,0.00,0,0,0.00,0.00,0.00,0,0,0.00,0.00,0,0
1599349032,s1,0.00,0.00,0.00,0,0,0.00,0.00,0.00,0,0,0.00,0.00,0,0
1599349032,eth0,0.00,0.00,0.00,0,0,0.00,0.00,0.00,0,0,0.00,0.00,0,0
1599349032,eth1,0.00,0.00,0.00,0,0,0.00,0.00,0.00,0,0,0.00,0.00,0,0
1599349032,s2,0.00,0.00,0.00,0,0,0.00,0.00,0.00,0,0,0.00,0.00,0,0
1599349032,s1-eth2,0.00,0.00,0.00,0,0,0.00,0.00,0.00,0,0,0.00,0.00,0,0
1599349032,s1-eth1,0.00,0.00,0.00,0,0,0.00,0.00,0.00,0,0,0.00,0.00,0,0
1599349032,s3,0.00,0.00,0.00,0,0,0.00,0.00,0.00,0,0,0.00,0.00,0,0
1599349032,s2-eth2,0.00,0.00,0.00,0,0,0.00,0.00,0.00,0,0,0.00,0.00,0,0
1599349032,s2-eth1,0.00,0.00,0.00,0,0,0.00,0.00,0.00,0,0,0.00,0.00,0,0
1599349032,lo,344.00,344.00,688.00,344,344,6.00,6.00,12.00,6,6,0.00,0.00,0,0
1599349032,s3-eth2,0.00,0.00,0.00,0,0,0.00,0.00,0.00,0,0,0.00,0.00,0,0
1599349032,s3-eth1,0.00,0.00,0.00,0,0,0.00,0.00,0.00,0,0,0.00,0.00,0,0
1599349032,total,344.00,344.00,688.00,344,344,6.00,6.00,12.00,6,6,0.00,0.00,0,0
1599349033,s5,0.00,0.00,0.00,0,0,0.00,0.00,0.00,0,0,0.00,0.00,0,0
1599349033,s1,0.00,0.00,0.00,0,0,0.00,0.00,0.00,0,0,0.00,0.00,0,0
1599349033,eth0,0.00,0.00,0.00,0,0,0.00,0.00,0.00,0,0,0.00,0.00,0,0
1599349033,eth1,0.00,0.00,0.00,0,0,0.00,0.00,0.00,0,0,0.00,0.00,0,0
1599349033,s2,0.00,0.00,0.00,0,0,0.00,0.00,0.00,0,0,0.00,0.00,0,0
1599349033,s1-eth2,0.00,0.00,0.00,0,0,0.00,0.00,0.00,0,0,0.00,0.00,0,0
1599349033,s1-eth1,107.00,0.00,107.00,0,107,1.00,0.00,1.00,0,1,0.00,0.00,0,0
1599349033,s3,0.00,0.00,0.00,0,0,0.00,0.00,0.00,0,0,0.00,0.00,0,0
1599349033,s2-eth2,0.00,0.00,0.00,0,0,0.00,0.00,0.00,0,0,0.00,0.00,0,0
1599349033,s2-eth1,0.00,0.00,0.00,0,0,0.00,0.00,0.00,0,0,0.00,0.00,0,0
1599349033,lo,0.00,0.00,0.00,0,0,0.00,0.00,0.00,0,0,0.00,0.00,0,0
1599349033,s3-eth2,0.00,0.00,0.00,0,0,0.00,0.00,0.00,0,0,0.00,0.00,0,0
1599349033,s3-eth1,0.00,0.00,0.00,0,0,0.00,0.00,0.00,0,0,0.00,0.00,0,0
1599349033,total,107.00,0.00,107.00,0,107,1.00,0.00,1.00,0,1,0.00,0.00,0,0
1599349034,s5,0.00,0.00,0.00,0,0,0.00,0.00,0.00,0,0,0.00,0.00,0,0
1599349034,s1,0.00,214.00,214.00,214,0,0.00,2.00,2.00,2,0,0.00,0.00,0,0
1599349034,eth0,0.00,0.00,0.00,0,0,0.00,0.00,0.00,0,0,0.00,0.00,0,0
1599349034,eth1,0.00,0.00,0.00,0,0,0.00,0.00,0.00,0,0,0.00,0.00,0,0
1599349034,s2,0.00,554.89,554.89,556,0,0.00,2.99,2.99,3,0,0.00,0.00,0,0
1599349034,s1-eth2,448.10,213.57,661.68,214,449,2.00,2.00,3.99,2,2,0.00,0.00,0,0
1599349034,s1-eth1,213.57,0.00,213.57,0,214,2.00,0.00,2.00,0,2,0.00,0.00,0,0
1599349034,s3,0.00,554.89,554.89,556,0,0.00,2.99,2.99,3,0,0.00,0.00,0,0
1599349034,s2-eth2,554.89,106.79,661.68,107,556,2.99,1.00,3.99,1,3,0.00,0.00,0,0
1599349034,s2-eth1,213.57,448.10,661.68,449,214,2.00,2.00,3.99,2,2,0.00,0.00,0,0
1599349034,lo,2648.70,2648.70,5297.41,2654,2654,26.95,26.95,53.89,27,27,0.00,0.00,0,0
1599349034,s3-eth2,661.68,0.00,661.68,0,663,3.99,0.00,3.99,0,4,0.00,0.00,0,0
1599349034,s3-eth1,106.79,554.89,661.68,556,107,1.00,2.99,3.99,3,1,0.00,0.00,0,0
1599349034,total,4847.31,5295.41,10142.71,5306,4857,40.92,42.91,83.83,43,41,0.00,0.00,0,0
1599349035,s5,0.00,0.00,0.00,0,0,0.00,0.00,0.00,0,0,0.00,0.00,0,0
1599349035,s1,0.00,0.00,0.00,0,0,0.00,0.00,0.00,0,0,0.00,0.00,0,0
1599349035,eth0,0.00,0.00,0.00,0,0,0.00,0.00,0.00,0,0,0.00,0.00,0,0
1599349035,eth1,0.00,0.00,0.00,0,0,0.00,0.00,0.00,0,0,0.00,0.00,0,0
1599349035,s2,0.00,0.00,0.00,0,0,0.00,0.00,0.00,0,0,0.00,0.00,0,0
1599349035,s1-eth2,0.00,0.00,0.00,0,0,0.00,0.00,0.00,0,0,0.00,0.00,0,0
1599349035,s1-eth1,0.00,0.00,0.00,0,0,0.00,0.00,0.00,0,0,0.00,0.00,0,0
1599349035,s3,0.00,0.00,0.00,0,0,0.00,0.00,0.00,0,0,0.00,0.00,0,0
1599349035,s2-eth2,0.00,0.00,0.00,0,0,0.00,0.00,0.00,0,0,0.00,0.00,0,0
1599349035,s2-eth1,0.00,0.00,0.00,0,0,0.00,0.00,0.00,0,0,0.00,0.00,0,0
1599349035,lo,0.00,0.00,0.00,0,0,0.00,0.00,0.00,0,0,0.00,0.00,0,0
1599349035,s3-eth2,0.00,0.00,0.00,0,0,0.00,0.00,0.00,0,0,0.00,0.00,0,0
1599349035,s3-eth1,0.00,0.00,0.00,0,0,0.00,0.00,0.00,0,0,0.00,0.00,0,0
1599349035,total,0.00,0.00,0.00,0,0,0.00,0.00,0.00,0,0,0.00,0.00,0,0
1599349036,s5,0.00,0.00,0.00,0,0,0.00,0.00,0.00,0,0,0.00,0.00,0,0
1599349036,s1,0.00,342.00,342.00,342,0,0.00,1.00,1.00,1,0,0.00,0.00,0,0
1599349036,eth0,0.00,0.00,0.00,0,0,0.00,0.00,0.00,0,0,0.00,0.00,0,0
1599349036,eth1,0.00,0.00,0.00,0,0,0.00,0.00,0.00,0,0,0.00,0.00,0,0
1599349036,s2,0.00,0.00,0.00,0,0,0.00,0.00,0.00,0,0,0.00,0.00,0,0
1599349036,s1-eth2,0.00,342.00,342.00,342,0,0.00,1.00,1.00,1,0,0.00,0.00,0,0
1599349036,s1-eth1,342.00,0.00,342.00,0,342,1.00,0.00,1.00,0,1,0.00,0.00,0,0
1599349036,s3,0.00,342.00,342.00,342,0,0.00,1.00,1.00,1,0,0.00,0.00,0,0
1599349036,s2-eth2,342.00,0.00,342.00,0,342,1.00,0.00,1.00,0,1,0.00,0.00,0,0
1599349036,s2-eth1,342.00,0.00,342.00,0,342,1.00,0.00,1.00,0,1,0.00,0.00,0,0
1599349036,lo,652.00,652.00,1304.00,652,652,6.00,6.00,12.00,6,6,0.00,0.00,0,0
1599349036,s3-eth2,342.00,0.00,342.00,0,342,1.00,0.00,1.00,0,1,0.00,0.00,0,0
1599349036,s3-eth1,0.00,342.00,342.00,342,0,0.00,1.00,1.00,1,0,0.00,0.00,0,0
1599349036,total,2020.00,2020.00,4040.00,2020,2020,10.00,10.00,20.00,10,10,0.00,0.00,0,0
1599349037,s5,0.00,0.00,0.00,0,0,0.00,0.00,0.00,0,0,0.00,0.00,0,0
1599349037,s1,0.00,0.00,0.00,0,0,0.00,0.00,0.00,0,0,0.00,0.00,0,0
1599349037,eth0,0.00,0.00,0.00,0,0,0.00,0.00,0.00,0,0,0.00,0.00,0,0
1599349037,eth1,0.00,0.00,0.00,0,0,0.00,0.00,0.00,0,0,0.00,0.00,0,0
1599349037,s2,0.00,0.00,0.00,0,0,0.00,0.00,0.00,0,0,0.00,0.00,0,0
1599349037,s1-eth2,0.00,0.00,0.00,0,0,0.00,0.00,0.00,0,0,0.00,0.00,0,0
1599349037,s1-eth1,342.00,0.00,342.00,0,342,1.00,0.00,1.00,0,1,0.00,0.00,0,0
1599349037,s3,0.00,0.00,0.00,0,0,0.00,0.00,0.00,0,0,0.00,0.00,0,0
1599349037,s2-eth2,0.00,0.00,0.00,0,0,0.00,0.00,0.00,0,0,0.00,0.00,0,0
1599349037,s2-eth1,0.00,0.00,0.00,0,0,0.00,0.00,0.00,0,0,0.00,0.00,0,0
1599349037,lo,0.00,0.00,0.00,0,0,0.00,0.00,0.00,0,0,0.00,0.00,0,0
1599349037,s3-eth2,342.00,0.00,342.00,0,342,1.00,0.00,1.00,0,1,0.00,0.00,0,0
1599349037,s3-eth1,0.00,0.00,0.00,0,0,0.00,0.00,0.00,0,0,0.00,0.00,0,0
1599349037,total,684.00,0.00,684.00,0,684,2.00,0.00,2.00,0,2,0.00,0.00,0,0
1599349038,s5,0.00,0.00,0.00,0,0,0.00,0.00,0.00,0,0,0.00,0.00,0,0
1599349038,s1,0.00,342.00,342.00,342,0,0.00,1.00,1.00,1,0,0.00,0.00,0,0
1599349038,eth0,0.00,0.00,0.00,0,0,0.00,0.00,0.00,0,0,0.00,0.00,0,0
1599349038,eth1,0.00,0.00,0.00,0,0,0.00,0.00,0.00,0,0,0.00,0.00,0,0
1599349038,s2,0.00,342.00,342.00,342,0